17
0 0.1 10 3
0 0.09095823 0.09916462 0.09916462 0.0797543 0.4975184 0.09916462 0.0820393 0.2814865 0.09916462 0.2605774 0.09886978 0.2026044 0.3691892 0.09916462 0.5024816 0.09916462 0.09095823 0 0.008206388 0.008206388 0.1707125 0.5884767 0.008206388 0.1729975 0.3724447 0.008206388 0.3515356 0.007911548 0.1116462 0.278231 0.008206388 0.4115233 0.008206388 0.09916462 0.008206388 0 0 0.1789189 0.5966831 0 0.1812039 0.3806511 0 0.359742 0.0002948403 0.1034398 0.2700246 0 0.4033169 0 0.09916462 0.008206388 0 0 0.1789189 0.5966831 0 0.1812039 0.3806511 0 0.359742 0.0002948403 0.1034398 0.2700246 0 0.4033169 0 0.0797543 0.1707125 0.1789189 0.1789189 0 0.4177641 0.1789189 0.002285003 0.2017322 0.1789189 0.1808231 0.1786241 0.2823587 0.4489435 0.1789189 0.5822359 0.1789189 0.4975184 0.5884767 0.5966831 0.5966831 0.4177641 0 0.5966831 0.4154791 0.2160319 0.5966831 0.2369411 0.5963882 0.7001229 0.8667076 0.5966831 1 0.5966831 0.09916462 0.008206388 0 0 0.1789189 0.5966831 0 0.1812039 0.3806511 0 0.359742 0.0002948403 0.1034398 0.2700246 0 0.4033169 0 0.0820393 0.1729975 0.1812039 0.1812039 0.002285003 0.4154791 0.1812039 0 0.1994472 0.1812039 0.1785381 0.1809091 0.2846437 0.4512285 0.1812039 0.5845209 0.1812039 0.2814865 0.3724447 0.3806511 0.3806511 0.2017322 0.2160319 0.3806511 0.1994472 0 0.3806511 0.02090911 0.3803563 0.4840909 0.6506757 0.3806511 0.7839681 0.3806511 0.09916462 0.008206388 0 0 0.1789189 0.5966831 0 0.1812039 0.3806511 0 0.359742 0.0002948403 0.1034398 0.2700246 0 0.4033169 0 0.2605774 0.3515356 0.359742 0.359742 0.1808231 0.2369411 0.359742 0.1785381 0.02090911 0.359742 0 0.3594472 0.4631818 0.6297666 0.359742 0.7630589 0.359742 0.09886978 0.007911548 0.0002948403 0.0002948403 0.1786241 0.5963882 0.0002948403 0.1809091 0.3803563 0.0002948403 0.3594472 0 0.1037346 0.2703194 0.0002948403 0.4036118 0.0002948403 0.2026044 0.1116462 0.1034398 0.1034398 0.2823587 0.7001229 0.1034398 0.2846437 0.4840909 0.1034398 0.4631818 0.1037346 0 0.1665848 0.1034398 0.2998771 0.1034398 0.3691892 0.278231 0.2700246 0.2700246 0.4489435 0.8667076 0.2700246 0.4512285 0.6506757 0.2700246 0.6297666 0.2703194 0.1665848 0 0.2700246 0.1332924 0.2700246 0.09916462 0.008206388 0 0 0.1789189 0.5966831 0 0.1812039 0.3806511 0 0.359742 0.0002948403 0.1034398 0.2700246 0 0.4033169 0 0.5024816 0.4115233 0.4033169 0.4033169 0.5822359 1 0.4033169 0.5845209 0.7839681 0.4033169 0.7630589 0.4036118 0.2998771 0.1332924 0.4033169 0 0.4033169 0.09916462 0.008206388 0 0 0.1789189 0.5966831 0 0.1812039 0.3806511 0 0.359742 0.0002948403 0.1034398 0.2700246 0 0.4033169 0