18
0 0.05 10 3
0 0.01557458 999 0.01607866 0.02211493 999 0.02080167 999 0.0006667238 0.01767337 999 999 0.0315924 999 0.0301883 999 0.03127329 0.03941724 0.01557458 0 0.01557458 0.0005040796 0.006540352 0.01557458 0.005227091 0.01557458 0.01490785 0.002098795 0.01557458 0.01557458 0.04716698 0.01557458 0.04576287 0.01557458 0.04684786 0.05499182 999 0.01557458 0 0.01607866 0.02211493 999 0.02080167 999 0.0006667238 0.01767337 999 999 0.0315924 999 0.0301883 999 0.03127329 0.03941724 0.01607866 0.0005040796 0.01607866 0 0.006036273 0.01607866 0.004723011 0.01607866 0.01541193 0.001594716 0.01607866 0.01607866 0.04767106 0.01607866 0.04626695 0.01607866 0.04735194 0.0554959 0.02211493 0.006540352 0.02211493 0.006036273 0 0.02211493 0.001313261 0.02211493 0.02144821 0.004441557 0.02211493 0.02211493 0.05370733 0.02211493 0.05230322 0.02211493 0.05338822 0.06153217 999 0.01557458 999 0.01607866 0.02211493 0 0.02080167 999 0.0006667238 0.01767337 999 999 0.0315924 999 0.0301883 999 0.03127329 0.03941724 0.02080167 0.005227091 0.02080167 0.004723011 0.001313261 0.02080167 0 0.02080167 0.02013494 0.003128296 0.02080167 0.02080167 0.05239407 0.02080167 0.05098996 0.02080167 0.05207496 0.06021891 999 0.01557458 999 0.01607866 0.02211493 999 0.02080167 0 0.0006667238 0.01767337 999 999 0.0315924 999 0.0301883 999 0.03127329 0.03941724 0.0006667238 0.01490785 0.0006667238 0.01541193 0.02144821 0.0006667238 0.02013494 0.0006667238 0 0.01700665 0.0006667238 0.0006667238 0.03225913 0.0006667238 0.03085502 0.0006667238 0.03194001 0.04008396 0.01767337 0.002098795 0.01767337 0.001594716 0.004441557 0.01767337 0.003128296 0.01767337 0.01700665 0 0.01767337 0.01767337 0.04926578 0.01767337 0.04786167 0.01767337 0.04894666 0.05709061 999 0.01557458 999 0.01607866 0.02211493 999 0.02080167 999 0.0006667238 0.01767337 0 999 0.0315924 999 0.0301883 999 0.03127329 0.03941724 999 0.01557458 999 0.01607866 0.02211493 999 0.02080167 999 0.0006667238 0.01767337 999 0 0.0315924 999 0.0301883 999 0.03127329 0.03941724 0.0315924 0.04716698 0.0315924 0.04767106 0.05370733 0.0315924 0.05239407 0.0315924 0.03225913 0.04926578 0.0315924 0.0315924 0 0.0315924 0.001404108 0.0315924 0.0003191162 0.007824837 999 0.01557458 999 0.01607866 0.02211493 999 0.02080167 999 0.0006667238 0.01767337 999 999 0.0315924 0 0.0301883 999 0.03127329 0.03941724 0.0301883 0.04576287 0.0301883 0.04626695 0.05230322 0.0301883 0.05098996 0.0301883 0.03085502 0.04786167 0.0301883 0.0301883 0.001404108 0.0301883 0 0.0301883 0.001084992 0.009228945 999 0.01557458 999 0.01607866 0.02211493 999 0.02080167 999 0.0006667238 0.01767337 999 999 0.0315924 999 0.0301883 0 0.03127329 0.03941724 0.03127329 0.04684786 0.03127329 0.04735194 0.05338822 0.03127329 0.05207496 0.03127329 0.03194001 0.04894666 0.03127329 0.03127329 0.0003191162 0.03127329 0.001084992 0.03127329 0 0.008143953 0.03941724 0.05499182 0.03941724 0.0554959 0.06153217 0.03941724 0.06021891 0.03941724 0.04008396 0.05709061 0.03941724 0.03941724 0.007824837 0.03941724 0.009228945 0.03941724 0.008143953 0