22
0 0.05 10 3
0 0.0386596 999 0.02281741 0.01076678 0.01131123 0.02822791 0.02676066 0.0485911 999 999 999 0.0588478 0.08479428 0.00371043 0.007484942 999 999 0.04124689 999 0.01788377 999 0.0386596 0 0.0386596 0.01584219 0.02789282 0.02734837 0.01043169 0.01189894 0.0872507 0.0386596 0.0386596 0.0386596 0.0975074 0.1234539 0.04237003 0.04614454 0.0386596 0.0386596 0.07990649 0.0386596 0.05654337 0.0386596 999 0.0386596 0 0.02281741 0.01076678 0.01131123 0.02822791 0.02676066 0.0485911 999 999 999 0.0588478 0.08479428 0.00371043 0.007484942 999 999 0.04124689 999 0.01788377 999 0.02281741 0.01584219 0.02281741 0 0.01205063 0.01150618 0.005410499 0.003943246 0.07140851 0.02281741 0.02281741 0.02281741 0.08166521 0.1076117 0.02652784 0.03030235 0.02281741 0.02281741 0.0640643 0.02281741 0.04070118 0.02281741 0.01076678 0.02789282 0.01076678 0.01205063 0 0.0005444523 0.01746113 0.01599387 0.05935788 0.01076678 0.01076678 0.01076678 0.06961458 0.09556107 0.01447721 0.01825172 0.01076678 0.01076678 0.05201367 0.01076678 0.02865055 0.01076678 0.01131123 0.02734837 0.01131123 0.01150618 0.0005444523 0 0.01691668 0.01544942 0.05990233 0.01131123 0.01131123 0.01131123 0.07015903 0.09610552 0.01502166 0.01879618 0.01131123 0.01131123 0.05255812 0.01131123 0.02919501 0.01131123 0.02822791 0.01043169 0.02822791 0.005410499 0.01746113 0.01691668 0 0.001467253 0.07681901 0.02822791 0.02822791 0.02822791 0.08707571 0.1130222 0.03193834 0.03571285 0.02822791 0.02822791 0.0694748 0.02822791 0.04611168 0.02822791 0.02676066 0.01189894 0.02676066 0.003943246 0.01599387 0.01544942 0.001467253 0 0.07535175 0.02676066 0.02676066 0.02676066 0.08560845 0.1115549 0.03047109 0.0342456 0.02676066 0.02676066 0.06800754 0.02676066 0.04464443 0.02676066 0.0485911 0.0872507 0.0485911 0.07140851 0.05935788 0.05990233 0.07681901 0.07535175 0 0.0485911 0.0485911 0.0485911 0.0102567 0.03620319 0.04488067 0.04110616 0.0485911 0.0485911 0.007344213 0.0485911 0.03070733 0.0485911 999 0.0386596 999 0.02281741 0.01076678 0.01131123 0.02822791 0.02676066 0.0485911 0 999 999 0.0588478 0.08479428 0.00371043 0.007484942 999 999 0.04124689 999 0.01788377 999 999 0.0386596 999 0.02281741 0.01076678 0.01131123 0.02822791 0.02676066 0.0485911 999 0 999 0.0588478 0.08479428 0.00371043 0.007484942 999 999 0.04124689 999 0.01788377 999 999 0.0386596 999 0.02281741 0.01076678 0.01131123 0.02822791 0.02676066 0.0485911 999 999 0 0.0588478 0.08479428 0.00371043 0.007484942 999 999 0.04124689 999 0.01788377 999 0.0588478 0.0975074 0.0588478 0.08166521 0.06961458 0.07015903 0.08707571 0.08560845 0.0102567 0.0588478 0.0588478 0.0588478 0 0.02594649 0.05513737 0.05136285 0.0588478 0.0588478 0.01760091 0.0588478 0.04096403 0.0588478 0.08479428 0.1234539 0.08479428 0.1076117 0.09556107 0.09610552 0.1130222 0.1115549 0.03620319 0.08479428 0.08479428 0.08479428 0.02594649 0 0.08108386 0.07730934 0.08479428 0.08479428 0.0435474 0.08479428 0.06691051 0.08479428 0.00371043 0.04237003 0.00371043 0.02652784 0.01447721 0.01502166 0.03193834 0.03047109 0.04488067 0.00371043 0.00371043 0.00371043 0.05513737 0.08108386 0 0.003774512 0.00371043 0.00371043 0.03753646 0.00371043 0.01417334 0.00371043 0.007484942 0.04614454 0.007484942 0.03030235 0.01825172 0.01879618 0.03571285 0.0342456 0.04110616 0.007484942 0.007484942 0.007484942 0.05136285 0.07730934 0.003774512 0 0.007484942 0.007484942 0.03376194 0.007484942 0.01039883 0.007484942 999 0.0386596 999 0.02281741 0.01076678 0.01131123 0.02822791 0.02676066 0.0485911 999 999 999 0.0588478 0.08479428 0.00371043 0.007484942 0 999 0.04124689 999 0.01788377 999 999 0.0386596 999 0.02281741 0.01076678 0.01131123 0.02822791 0.02676066 0.0485911 999 999 999 0.0588478 0.08479428 0.00371043 0.007484942 999 0 0.04124689 999 0.01788377 999 0.04124689 0.07990649 0.04124689 0.0640643 0.05201367 0.05255812 0.0694748 0.06800754 0.007344213 0.04124689 0.04124689 0.04124689 0.01760091 0.0435474 0.03753646 0.03376194 0.04124689 0.04124689 0 0.04124689 0.02336311 0.04124689 999 0.0386596 999 0.02281741 0.01076678 0.01131123 0.02822791 0.02676066 0.0485911 999 999 999 0.0588478 0.08479428 0.00371043 0.007484942 999 999 0.04124689 0 0.01788377 999 0.01788377 0.05654337 0.01788377 0.04070118 0.02865055 0.02919501 0.04611168 0.04464443 0.03070733 0.01788377 0.01788377 0.01788377 0.04096403 0.06691051 0.01417334 0.01039883 0.01788377 0.01788377 0.02336311 0.01788377 0 0.01788377 999 0.0386596 999 0.02281741 0.01076678 0.01131123 0.02822791 0.02676066 0.0485911 999 999 999 0.0588478 0.08479428 0.00371043 0.007484942 999 999 0.04124689 999 0.01788377 0