30
0 0.1 10 3
0 0.05004555 0.05004555 0.0434251 0.3568727 0.1021171 0.06376711 0.07765106 0.2241016 0.08938286 0.05004555 0.2275117 0.05004555 0.4578223 0.05004555 0.05004555 0.05004555 0.05004555 0.05004555 0.8402669 1 0.9868197 0.05004555 0.05004555 0.05004555 0.1339447 0.1608465 0.05004555 0.1405754 0.05004555 0.05004555 0 0 0.006620452 0.3068272 0.05207158 0.01372156 0.02760551 0.174056 0.03933732 0 0.1774661 0 0.4077767 0 0 0 0 0 0.7902214 0.9499545 0.9367742 0 0 0 0.08389911 0.110801 0 0.09052985 0 0.05004555 0 0 0.006620452 0.3068272 0.05207158 0.01372156 0.02760551 0.174056 0.03933732 0 0.1774661 0 0.4077767 0 0 0 0 0 0.7902214 0.9499545 0.9367742 0 0 0 0.08389911 0.110801 0 0.09052985 0 0.0434251 0.006620452 0.006620452 0 0.3134476 0.05869203 0.02034202 0.03422597 0.1806765 0.04595777 0.006620452 0.1840866 0.006620452 0.4143972 0.006620452 0.006620452 0.006620452 0.006620452 0.006620452 0.7968418 0.9565749 0.9433946 0.006620452 0.006620452 0.006620452 0.09051956 0.1174214 0.006620452 0.0971503 0.006620452 0.3568727 0.3068272 0.3068272 0.3134476 0 0.2547556 0.2931056 0.2792217 0.1327712 0.2674899 0.3068272 0.1293611 0.3068272 0.1009496 0.3068272 0.3068272 0.3068272 0.3068272 0.3068272 0.4833942 0.6431273 0.629947 0.3068272 0.3068272 0.3068272 0.2229281 0.1960262 0.3068272 0.2162973 0.3068272 0.1021171 0.05207158 0.05207158 0.05869203 0.2547556 0 0.03835001 0.02446606 0.1219844 0.01273426 0.05207158 0.1253945 0.05207158 0.3557052 0.05207158 0.05207158 0.05207158 0.05207158 0.05207158 0.7381498 0.8978829 0.8847026 0.05207158 0.05207158 0.05207158 0.03182753 0.05872938 0.05207158 0.03845827 0.05207158 0.06376711 0.01372156 0.01372156 0.02034202 0.2931056 0.03835001 0 0.01388395 0.1603344 0.02561575 0.01372156 0.1637445 0.01372156 0.3940552 0.01372156 0.01372156 0.01372156 0.01372156 0.01372156 0.7764998 0.9362329 0.9230526 0.01372156 0.01372156 0.01372156 0.07017755 0.09707939 0.01372156 0.07680828 0.01372156 0.07765106 0.02760551 0.02760551 0.03422597 0.2792217 0.02446606 0.01388395 0 0.1464505 0.0117318 0.02760551 0.1498606 0.02760551 0.3801712 0.02760551 0.02760551 0.02760551 0.02760551 0.02760551 0.7626159 0.9223489 0.9091687 0.02760551 0.02760551 0.02760551 0.0562936 0.08319544 0.02760551 0.06292433 0.02760551 0.2241016 0.174056 0.174056 0.1806765 0.1327712 0.1219844 0.1603344 0.1464505 0 0.1347187 0.174056 0.003410093 0.174056 0.2337207 0.174056 0.174056 0.174056 0.174056 0.174056 0.6161654 0.7758984 0.7627182 0.174056 0.174056 0.174056 0.0901569 0.06325506 0.174056 0.08352617 0.174056 0.08938286 0.03933732 0.03933732 0.04595777 0.2674899 0.01273426 0.02561575 0.0117318 0.1347187 0 0.03933732 0.1381288 0.03933732 0.3684394 0.03933732 0.03933732 0.03933732 0.03933732 0.03933732 0.7508841 0.9106171 0.8974369 0.03933732 0.03933732 0.03933732 0.0445618 0.07146364 0.03933732 0.05119253 0.03933732 0.05004555 0 0 0.006620452 0.3068272 0.05207158 0.01372156 0.02760551 0.174056 0.03933732 0 0.1774661 0 0.4077767 0 0 0 0 0 0.7902214 0.9499545 0.9367742 0 0 0 0.08389911 0.110801 0 0.09052985 0 0.2275117 0.1774661 0.1774661 0.1840866 0.1293611 0.1253945 0.1637445 0.1498606 0.003410093 0.1381288 0.1774661 0 0.1774661 0.2303106 0.1774661 0.1774661 0.1774661 0.1774661 0.1774661 0.6127553 0.7724883 0.7593081 0.1774661 0.1774661 0.1774661 0.093567 0.06666515 0.1774661 0.08693626 0.1774661 0.05004555 0 0 0.006620452 0.3068272 0.05207158 0.01372156 0.02760551 0.174056 0.03933732 0 0.1774661 0 0.4077767 0 0 0 0 0 0.7902214 0.9499545 0.9367742 0 0 0 0.08389911 0.110801 0 0.09052985 0 0.4578223 0.4077767 0.4077767 0.4143972 0.1009496 0.3557052 0.3940552 0.3801712 0.2337207 0.3684394 0.4077767 0.2303106 0.4077767 0 0.4077767 0.4077767 0.4077767 0.4077767 0.4077767 0.3824446 0.5421777 0.5289974 0.4077767 0.4077767 0.4077767 0.3238776 0.2969758 0.4077767 0.3172469 0.4077767 0.05004555 0 0 0.006620452 0.3068272 0.05207158 0.01372156 0.02760551 0.174056 0.03933732 0 0.1774661 0 0.4077767 0 0 0 0 0 0.7902214 0.9499545 0.9367742 0 0 0 0.08389911 0.110801 0 0.09052985 0 0.05004555 0 0 0.006620452 0.3068272 0.05207158 0.01372156 0.02760551 0.174056 0.03933732 0 0.1774661 0 0.4077767 0 0 0 0 0 0.7902214 0.9499545 0.9367742 0 0 0 0.08389911 0.110801 0 0.09052985 0 0.05004555 0 0 0.006620452 0.3068272 0.05207158 0.01372156 0.02760551 0.174056 0.03933732 0 0.1774661 0 0.4077767 0 0 0 0 0 0.7902214 0.9499545 0.9367742 0 0 0 0.08389911 0.110801 0 0.09052985 0 0.05004555 0 0 0.006620452 0.3068272 0.05207158 0.01372156 0.02760551 0.174056 0.03933732 0 0.1774661 0 0.4077767 0 0 0 0 0 0.7902214 0.9499545 0.9367742 0 0 0 0.08389911 0.110801 0 0.09052985 0 0.05004555 0 0 0.006620452 0.3068272 0.05207158 0.01372156 0.02760551 0.174056 0.03933732 0 0.1774661 0 0.4077767 0 0 0 0 0 0.7902214 0.9499545 0.9367742 0 0 0 0.08389911 0.110801 0 0.09052985 0 0.8402669 0.7902214 0.7902214 0.7968418 0.4833942 0.7381498 0.7764998 0.7626159 0.6161654 0.7508841 0.7902214 0.6127553 0.7902214 0.3824446 0.7902214 0.7902214 0.7902214 0.7902214 0.7902214 0 0.1597331 0.1465528 0.7902214 0.7902214 0.7902214 0.7063223 0.6794204 0.7902214 0.6996915 0.7902214 1 0.9499545 0.9499545 0.9565749 0.6431273 0.8978829 0.9362329 0.9223489 0.7758984 0.9106171 0.9499545 0.7724883 0.9499545 0.5421777 0.9499545 0.9499545 0.9499545 0.9499545 0.9499545 0.1597331 0 0.01318028 0.9499545 0.9499545 0.9499545 0.8660553 0.8391535 0.9499545 0.8594246 0.9499545 0.9868197 0.9367742 0.9367742 0.9433946 0.629947 0.8847026 0.9230526 0.9091687 0.7627182 0.8974369 0.9367742 0.7593081 0.9367742 0.5289974 0.9367742 0.9367742 0.9367742 0.9367742 0.9367742 0.1465528 0.01318028 0 0.9367742 0.9367742 0.9367742 0.8528751 0.8259732 0.9367742 0.8462443 0.9367742 0.05004555 0 0 0.006620452 0.3068272 0.05207158 0.01372156 0.02760551 0.174056 0.03933732 0 0.1774661 0 0.4077767 0 0 0 0 0 0.7902214 0.9499545 0.9367742 0 0 0 0.08389911 0.110801 0 0.09052985 0 0.05004555 0 0 0.006620452 0.3068272 0.05207158 0.01372156 0.02760551 0.174056 0.03933732 0 0.1774661 0 0.4077767 0 0 0 0 0 0.7902214 0.9499545 0.9367742 0 0 0 0.08389911 0.110801 0 0.09052985 0 0.05004555 0 0 0.006620452 0.3068272 0.05207158 0.01372156 0.02760551 0.174056 0.03933732 0 0.1774661 0 0.4077767 0 0 0 0 0 0.7902214 0.9499545 0.9367742 0 0 0 0.08389911 0.110801 0 0.09052985 0 0.1339447 0.08389911 0.08389911 0.09051956 0.2229281 0.03182753 0.07017755 0.0562936 0.0901569 0.0445618 0.08389911 0.093567 0.08389911 0.3238776 0.08389911 0.08389911 0.08389911 0.08389911 0.08389911 0.7063223 0.8660553 0.8528751 0.08389911 0.08389911 0.08389911 0 0.02690184 0.08389911 0.006630736 0.08389911 0.1608465 0.110801 0.110801 0.1174214 0.1960262 0.05872938 0.09707939 0.08319544 0.06325506 0.07146364 0.110801 0.06666515 0.110801 0.2969758 0.110801 0.110801 0.110801 0.110801 0.110801 0.6794204 0.8391535 0.8259732 0.110801 0.110801 0.110801 0.02690184 0 0.110801 0.02027111 0.110801 0.05004555 0 0 0.006620452 0.3068272 0.05207158 0.01372156 0.02760551 0.174056 0.03933732 0 0.1774661 0 0.4077767 0 0 0 0 0 0.7902214 0.9499545 0.9367742 0 0 0 0.08389911 0.110801 0 0.09052985 0 0.1405754 0.09052985 0.09052985 0.0971503 0.2162973 0.03845827 0.07680828 0.06292433 0.08352617 0.05119253 0.09052985 0.08693626 0.09052985 0.3172469 0.09052985 0.09052985 0.09052985 0.09052985 0.09052985 0.6996915 0.8594246 0.8462443 0.09052985 0.09052985 0.09052985 0.006630736 0.02027111 0.09052985 0 0.09052985 0.05004555 0 0 0.006620452 0.3068272 0.05207158 0.01372156 0.02760551 0.174056 0.03933732 0 0.1774661 0 0.4077767 0 0 0 0 0 0.7902214 0.9499545 0.9367742 0 0 0 0.08389911 0.110801 0 0.09052985 0