36
0 0.05 10 3
0 0.4398449 0.2155608 0.1987004 0.4707695 0.1932246 0.2080619 0.187583 0.5044334 0.4398351 0.1892812 0.001597168 0.4398396 0.4855667 0.4398307 0.1584742 0.439845 0.2079981 0.4685248 0.4713512 0.2134087 0.2148144 0.4713392 0.4672709 0.4672709 0.4700974 0.4398392 0.2649597 0.4398081 0.5929919 0.4434259 0.7351126 0.4436147 0.6291802 0.566794 0.4441098 0.4398449 0 0.2804232 0.2971833 0.03092422 0.2997729 0.2872425 0.3035559 0.1489919 9.453728e-06 0.2566975 0.4383513 6.655084e-05 0.04579516 5.916024e-05 0.597586 7.216798e-05 0.2900732 0.02935381 0.0321803 0.2827969 0.2813934 0.03216822 0.02749799 0.02749799 0.03032449 6.632397e-05 0.7041124 6.243724e-05 0.2382997 0.004331402 0.3804204 0.004520273 0.274488 0.2121018 0.005015303 0.2155608 0.2804232 0 0.01686006 0.2552083 0.02233584 0.007498501 0.02797739 0.3450132 0.2804331 0.1308614 0.2139633 0.2804286 0.3261214 0.280438 0.3171624 0.2804231 0.01093749 0.2549258 0.2577523 0.005516046 0.004112509 0.2577402 0.2529973 0.2529973 0.2558238 0.280429 0.4798283 0.2804764 0.4343211 0.284755 0.5764418 0.2849439 0.4705093 0.4081232 0.2854389 0.1987004 0.2971833 0.01686006 0 0.2720687 0.005475401 0.009940413 0.01111695 0.3617733 0.2971932 0.114001 0.1971028 0.2971887 0.3428815 0.2971981 0.3004023 0.2971832 0.01115918 0.2716859 0.2745124 0.01842473 0.01983045 0.2745003 0.2697574 0.2697574 0.2725839 0.297189 0.4629678 0.2972365 0.4510812 0.3015151 0.5932019 0.301704 0.4872694 0.4248833 0.302199 0.4707695 0.03092422 0.2552083 0.2720687 0 0.2775445 0.2627072 0.2831861 0.1799165 0.03093406 0.2876221 0.469172 0.03092955 0.07662241 0.030939 0.5723144 0.03092409 0.2661462 0.005426759 0.002600265 0.2607247 0.2593212 0.002588182 0.003498266 0.003498266 0.0006717717 0.03092994 0.735037 0.03097736 0.2692243 0.03525601 0.411345 0.03544488 0.3054126 0.2430264 0.03593991 0.1932246 0.2997729 0.02233584 0.005475401 0.2775445 0 0.0152681 0.005641172 0.3643629 0.2997827 0.1085252 0.191627 0.2997782 0.345471 0.2997876 0.2978127 0.2997727 0.01648686 0.2770136 0.2798401 0.02189753 0.02330325 0.279828 0.2750851 0.2750851 0.2779116 0.2997786 0.4574921 0.299826 0.4536707 0.3041046 0.5957914 0.3042935 0.489859 0.4274728 0.3047885 0.2080619 0.2872425 0.007498501 0.009940413 0.2627072 0.0152681 0 0.02081773 0.3518325 0.2872524 0.1233625 0.2064644 0.2872479 0.3329407 0.2872573 0.3103431 0.2872424 0.003438605 0.2617451 0.2645716 0.008483933 0.009889658 0.2645595 0.2598166 0.2598166 0.2626431 0.2872483 0.4723294 0.2872957 0.4411404 0.2915743 0.5832611 0.2917632 0.4773286 0.4149425 0.2922582 0.187583 0.3035559 0.02797739 0.01111695 0.2831861 0.005641172 0.02081773 0 0.3681459 0.3035658 0.1028837 0.1859855 0.3035613 0.3492541 0.3035707 0.2940297 0.3035558 0.02203649 0.2825632 0.2853897 0.02744715 0.02885288 0.2853776 0.2806347 0.2806347 0.2834612 0.3035616 0.4518505 0.3036091 0.4574538 0.3078877 0.5995745 0.3080766 0.493642 0.4312559 0.3085716 0.5044334 0.1489919 0.3450132 0.3617733 0.1799165 0.3643629 0.3518325 0.3681459 0 0.1490002 0.3151573 0.5029413 0.1490588 0.1947874 0.1490514 0.662176 0.1490644 0.3546618 0.1783446 0.1811711 0.3473854 0.3459819 0.181159 0.1764902 0.1764902 0.1793167 0.1490586 0.7687009 0.1490547 0.08930747 0.1533222 0.2314282 0.1535111 0.1254957 0.06310959 0.1540061 0.4398351 9.453728e-06 0.2804331 0.2971932 0.03093406 0.2997827 0.2872524 0.3035658 0.1490002 0 0.2566877 0.4383612 7.638539e-05 0.045805 6.899479e-05 0.5975958 8.200253e-05 0.2900634 0.02934397 0.03217047 0.2827871 0.2813835 0.03215838 0.02750783 0.02750783 0.03033432 7.615852e-05 0.7041073 7.227179e-05 0.2382899 0.004321567 0.3804106 0.004510439 0.2744781 0.212092 0.005005469 0.1892812 0.2566975 0.1308614 0.114001 0.2876221 0.1085252 0.1233625 0.1028837 0.3151573 0.2566877 0 0.1878311 0.2566964 0.3024758 0.2567398 0.3471165 0.2567019 0.1238838 0.2859625 0.288789 0.1292945 0.1307002 0.2887769 0.2841278 0.2841278 0.2869542 0.2566961 0.4535493 0.2566644 0.4043496 0.2609124 0.5464703 0.2611013 0.4405379 0.3781518 0.2615963 0.001597168 0.4383513 0.2139633 0.1971028 0.469172 0.191627 0.2064644 0.1859855 0.5029413 0.4383612 0.1878311 0 0.4382844 0.484028 0.4383446 0.159285 0.4382789 0.2071066 0.4676333 0.4704598 0.2125172 0.213923 0.4704477 0.4657048 0.4657048 0.4685313 0.4382848 0.2658688 0.4383364 0.5921811 0.442615 0.7343018 0.4428039 0.6283694 0.5659832 0.4432989 0.4398396 6.655084e-05 0.2804286 0.2971887 0.03092955 0.2997782 0.2872479 0.3035613 0.1490588 7.638539e-05 0.2566964 0.4382844 0 0.04577898 5.981453e-05 0.5975698 5.236316e-06 0.2900679 0.02934848 0.03217497 0.2827916 0.281388 0.03216289 0.02743106 0.02743106 0.03025756 999 0.7041112 5.161417e-05 0.2382986 0.004330262 0.3804193 0.004519133 0.2744868 0.2121007 0.005014163 0.4855667 0.04579516 0.3261214 0.3428815 0.07662241 0.345471 0.3329407 0.3492541 0.1947874 0.045805 0.3024758 0.484028 0.04577898 0 0.04573562 0.6432099 0.04577346 0.3358472 0.07512778 0.07795427 0.3285709 0.3271673 0.07794219 0.07319928 0.07319928 0.07602578 0.0457793 0.6584712 0.04583098 0.2840779 0.05010963 0.4261986 0.0502985 0.3202662 0.2578801 0.05079353 0.4398307 5.916024e-05 0.280438 0.2971981 0.030939 0.2997876 0.2872573 0.3035707 0.1490514 6.899479e-05 0.2567398 0.4383446 5.981453e-05 0.04573562 0 0.5975264 6.536887e-05 0.2901112 0.02939177 0.03221827 0.2828349 0.2814313 0.03220619 0.02749119 0.02749119 0.03031769 5.952486e-05 0.7041546 9.497634e-05 0.2383419 0.004373624 0.3804626 0.004562495 0.2745302 0.2121441 0.005057525 0.1584742 0.597586 0.3171624 0.3004023 0.5723144 0.2978127 0.3103431 0.2940297 0.662176 0.5975958 0.3471165 0.159285 0.5975698 0.6432099 0.5975264 0 0.5975643 0.3115402 0.5720669 0.5748934 0.3188058 0.3202115 0.5748814 0.5701384 0.5701384 0.5729649 0.5975701 0.1632132 0.5976218 0.7514665 0.6019004 0.8935872 0.6020893 0.7876548 0.7252686 0.6025843 0.439845 7.216798e-05 0.2804231 0.2971832 0.03092409 0.2997727 0.2872424 0.3035558 0.1490644 8.200253e-05 0.2567019 0.4382789 5.236316e-06 0.04577346 6.536887e-05 0.5975643 0 0.2900734 0.02935394 0.03218043 0.282797 0.2813935 0.03216835 0.02742544 0.02742544 0.03025194 5.463189e-06 0.7041168 5.714016e-05 0.2383041 0.004335788 0.3804248 0.004524659 0.2744924 0.2121062 0.005019689 0.2079981 0.2900732 0.01093749 0.01115918 0.2661462 0.01648686 0.003438605 0.02203649 0.3546618 0.2900634 0.1238838 0.2071066 0.2900679 0.3358472 0.2901112 0.3115402 0.2900734 0 0.260719 0.2635455 0.007275947 0.008679484 0.2635576 0.2626475 0.2626475 0.265474 0.2900675 0.4728567 0.2900679 0.4399259 0.2903598 0.5820466 0.2905487 0.4761141 0.413728 0.2910437 0.4685248 0.02935381 0.2549258 0.2716859 0.005426759 0.2770136 0.2617451 0.2825632 0.1783446 0.02934397 0.2859625 0.4676333 0.02934848 0.07512778 0.02939177 0.5720669 0.02935394 0.260719 0 0.002826113 0.2552976 0.2538941 0.002838196 0.001928113 0.001928113 0.004754607 0.02934809 0.7333834 0.02934846 0.2638014 0.02983312 0.4059221 0.03002199 0.2999897 0.2376036 0.03051702 0.4713512 0.0321803 0.2577523 0.2745124 0.002600265 0.2798401 0.2645716 0.2853897 0.1811711 0.03217047 0.288789 0.4704598 0.03217497 0.07795427 0.03221827 0.5748934 0.03218043 0.2635455 0.002826113 0 0.2581241 0.2567206 1.17022e-05 0.004754607 0.004754607 0.001928113 0.03217459 0.7362099 0.03217496 0.2666279 0.03265961 0.4087486 0.03284849 0.3028162 0.24043 0.03334352 0.2134087 0.2827969 0.005516046 0.01842473 0.2607247 0.02189753 0.008483933 0.02744715 0.3473854 0.2827871 0.1292945 0.2125172 0.2827916 0.3285709 0.2828349 0.3188058 0.282797 0.007275947 0.2552976 0.2581241 0 0.001405344 0.2581362 0.2572261 0.2572261 0.2600526 0.2827912 0.4782674 0.2827916 0.4326603 0.2830943 0.574781 0.2832831 0.4688486 0.4064624 0.2837782 0.2148144 0.2813934 0.004112509 0.01983045 0.2593212 0.02330325 0.009889658 0.02885288 0.3459819 0.2813835 0.1307002 0.213923 0.281388 0.3271673 0.2814313 0.3202115 0.2813935 0.008679484 0.2538941 0.2567206 0.001405344 0 0.2567326 0.2558226 0.2558226 0.258649 0.2813876 0.4796731 0.281388 0.4312546 0.2816885 0.5733753 0.2818774 0.4674429 0.4050567 0.2823724 0.4713392 0.03216822 0.2577402 0.2745003 0.002588182 0.279828 0.2645595 0.2853776 0.181159 0.03215838 0.2887769 0.4704477 0.03216289 0.07794219 0.03220619 0.5748814 0.03216835 0.2635576 0.002838196 1.17022e-05 0.2581362 0.2567326 0 0.004742524 0.004742524 0.00191603 0.03216251 0.7361979 0.03216287 0.26664 0.0326717 0.4087607 0.03286057 0.3028283 0.2404421 0.0333556 0.4672709 0.02749799 0.2529973 0.2697574 0.003498266 0.2750851 0.2598166 0.2806347 0.1764902 0.02750783 0.2841278 0.4657048 0.02743106 0.07319928 0.02749119 0.5701384 0.02742544 0.2626475 0.001928113 0.004754607 0.2572261 0.2558226 0.004742524 0 -3.80823e-07 0.002826113 0.02743129 0.7315426 0.02748297 0.2657299 0.03176161 0.4078506 0.03195048 0.3019182 0.239532 0.03244551 0.4672709 0.02749799 0.2529973 0.2697574 0.003498266 0.2750851 0.2598166 0.2806347 0.1764902 0.02750783 0.2841278 0.4657048 0.02743106 0.07319928 0.02749119 0.5701384 0.02742544 0.2626475 0.001928113 0.004754607 0.2572261 0.2558226 0.004742524 -3.80823e-07 0 0.002826113 0.02743129 0.7315426 0.02748297 0.2657299 0.03176161 0.4078506 0.03195048 0.3019182 0.239532 0.03244551 0.4700974 0.03032449 0.2558238 0.2725839 0.0006717717 0.2779116 0.2626431 0.2834612 0.1793167 0.03033432 0.2869542 0.4685313 0.03025756 0.07602578 0.03031769 0.5729649 0.03025194 0.265474 0.004754607 0.001928113 0.2600526 0.258649 0.00191603 0.002826113 0.002826113 0 0.03025778 0.7343691 0.03030946 0.2685564 0.03458811 0.4106771 0.03477698 0.3047447 0.2423585 0.03527201 0.4398392 6.632397e-05 0.280429 0.297189 0.03092994 0.2997786 0.2872483 0.3035616 0.1490586 7.615852e-05 0.2566961 0.4382848 999 0.0457793 5.952486e-05 0.5975701 5.463189e-06 0.2900675 0.02934809 0.03217459 0.2827912 0.2813876 0.03216251 0.02743129 0.02743129 0.03025778 0 0.7041109 5.129615e-05 0.2382983 0.004329944 0.380419 0.004518815 0.2744865 0.2121004 0.005013845 0.2649597 0.7041124 0.4798283 0.4629678 0.735037 0.4574921 0.4723294 0.4518505 0.7687009 0.7041073 0.4535493 0.2658688 0.7041112 0.6584712 0.7041546 0.1632132 0.7041168 0.4728567 0.7333834 0.7362099 0.4782674 0.4796731 0.7361979 0.7315426 0.7315426 0.7343691 0.7041109 0 0.7040592 0.8578793 0.7083132 1 0.7085021 0.8940676 0.8316814 0.7089971 0.4398081 6.243724e-05 0.2804764 0.2972365 0.03097736 0.299826 0.2872957 0.3036091 0.1490547 7.227179e-05 0.2566644 0.4383364 5.161417e-05 0.04583098 9.497634e-05 0.5976218 5.714016e-05 0.2900679 0.02934846 0.03217496 0.2827916 0.281388 0.03216287 0.02748297 0.02748297 0.03030946 5.129615e-05 0.7040592 0 0.2382466 0.004278267 0.3803673 0.004467138 0.2744348 0.2120487 0.004962168 0.5929919 0.2382997 0.4343211 0.4510812 0.2692243 0.4536707 0.4411404 0.4574538 0.08930747 0.2382899 0.4043496 0.5921811 0.2382986 0.2840779 0.2383419 0.7514665 0.2383041 0.4399259 0.2638014 0.2666279 0.4326603 0.4312546 0.26664 0.2657299 0.2657299 0.2685564 0.2382983 0.8578793 0.2382466 0 0.2339679 0.1424962 0.2346724 0.0367313 0.02792488 0.2349899 0.4434259 0.004331402 0.284755 0.3015151 0.03525601 0.3041046 0.2915743 0.3078877 0.1533222 0.004321567 0.2609124 0.442615 0.004330262 0.05010963 0.004373624 0.6019004 0.004335788 0.2903598 0.02983312 0.03265961 0.2830943 0.2816885 0.0326717 0.03176161 0.03176161 0.03458811 0.004329944 0.7083132 0.004278267 0.2339679 0 0.3764646 0.0007319139 0.2706996 0.2081359 0.001049394 0.7351126 0.3804204 0.5764418 0.5932019 0.411345 0.5957914 0.5832611 0.5995745 0.2314282 0.3804106 0.5464703 0.7343018 0.3804193 0.4261986 0.3804626 0.8935872 0.3804248 0.5820466 0.4059221 0.4087486 0.574781 0.5733753 0.4087607 0.4078506 0.4078506 0.4106771 0.380419 1 0.3803673 0.1424962 0.3764646 0 0.3758998 0.1059321 0.1687837 0.3758487 0.4436147 0.004520273 0.2849439 0.301704 0.03544488 0.3042935 0.2917632 0.3080766 0.1535111 0.004510439 0.2611013 0.4428039 0.004519133 0.0502985 0.004562495 0.6020893 0.004524659 0.2905487 0.03002199 0.03284849 0.2832831 0.2818774 0.03286057 0.03195048 0.03195048 0.03477698 0.004518815 0.7085021 0.004467138 0.2346724 0.0007319139 0.3758998 0 0.2699673 0.2075896 0.0005030444 0.6291802 0.274488 0.4705093 0.4872694 0.3054126 0.489859 0.4773286 0.493642 0.1254957 0.2744781 0.4405379 0.6283694 0.2744868 0.3202662 0.2745302 0.7876548 0.2744924 0.4761141 0.2999897 0.3028162 0.4688486 0.4674429 0.3028283 0.3019182 0.3019182 0.3047447 0.2744865 0.8940676 0.2744348 0.0367313 0.2706996 0.1059321 0.2699673 0 0.0633611 0.2704261 0.566794 0.2121018 0.4081232 0.4248833 0.2430264 0.4274728 0.4149425 0.4312559 0.06310959 0.212092 0.3781518 0.5659832 0.2121007 0.2578801 0.2121441 0.7252686 0.2121062 0.413728 0.2376036 0.24043 0.4064624 0.4050567 0.2404421 0.239532 0.239532 0.2423585 0.2121004 0.8316814 0.2120487 0.02792488 0.2081359 0.1687837 0.2075896 0.0633611 0 0.2070862 0.4441098 0.005015303 0.2854389 0.302199 0.03593991 0.3047885 0.2922582 0.3085716 0.1540061 0.005005469 0.2615963 0.4432989 0.005014163 0.05079353 0.005057525 0.6025843 0.005019689 0.2910437 0.03051702 0.03334352 0.2837782 0.2823724 0.0333556 0.03244551 0.03244551 0.03527201 0.005013845 0.7089971 0.004962168 0.2349899 0.001049394 0.3758487 0.0005030444 0.2704261 0.2070862 0