29
0 0.05 10 3
0 0.09442742 0.08750641 0.08275142 0.09442742 0.08161219 0.08548073 0.0802778 0.09534214 0.09442742 0.06007954 0.03491956 0.09442742 0.09442742 0.09442742 0.002124954 0.09442742 0.08516736 0.08615148 0.09442742 0.0869603 0.08736098 0.09442742 0.09442742 0.09442742 0.09442742 0.09442742 0.02733107 0.09442742 0.09442742 0 0.006921009 0.011676 999 0.01281523 0.008946692 0.01414962 0.0009147266 999 0.03434788 0.05950786 999 999 999 0.09655237 999 0.009260053 0.008275939 999 0.007467114 0.007066433 999 999 999 999 999 0.1217585 999 0.08750641 0.006921009 0 0.004754989 0.006921009 0.005894223 0.002025684 0.007228609 0.007835735 0.006921009 0.02742687 0.05258685 0.006921009 0.006921009 0.006921009 0.08963136 0.006921009 0.002339045 0.001354931 0.006921009 0.0005461057 0.0001454244 0.006921009 0.006921009 0.006921009 0.006921009 0.006921009 0.1148375 0.006921009 0.08275142 0.011676 0.004754989 0 0.011676 0.001139234 0.002729305 0.00247362 0.01259072 0.011676 0.02267188 0.04783186 0.011676 0.011676 0.011676 0.08487637 0.011676 0.002415944 0.003400058 0.011676 0.004208883 0.004609565 0.011676 0.011676 0.011676 0.011676 0.011676 0.1100825 0.011676 0.09442742 999 0.006921009 0.011676 0 0.01281523 0.008946692 0.01414962 0.0009147266 999 0.03434788 0.05950786 999 999 999 0.09655237 999 0.009260053 0.008275939 999 0.007467114 0.007066433 999 999 999 999 999 0.1217585 999 0.08161219 0.01281523 0.005894223 0.001139234 0.01281523 0 0.00386854 0.001334385 0.01372996 0.01281523 0.02153265 0.04669263 0.01281523 0.01281523 0.01281523 0.08373714 0.01281523 0.003555179 0.004539293 0.01281523 0.005348118 0.005748799 0.01281523 0.01281523 0.01281523 0.01281523 0.01281523 0.1089433 0.01281523 0.08548073 0.008946692 0.002025684 0.002729305 0.008946692 0.00386854 0 0.005202925 0.009861419 0.008946692 0.02540119 0.05056117 0.008946692 0.008946692 0.008946692 0.08760568 0.008946692 0.0003133609 0.000670753 0.008946692 0.001479578 0.001880259 0.008946692 0.008946692 0.008946692 0.008946692 0.008946692 0.1128118 0.008946692 0.0802778 0.01414962 0.007228609 0.00247362 0.01414962 0.001334385 0.005202925 0 0.01506434 0.01414962 0.02019827 0.04535824 0.01414962 0.01414962 0.01414962 0.08240275 0.01414962 0.004889564 0.005873678 0.01414962 0.006682503 0.007083184 0.01414962 0.01414962 0.01414962 0.01414962 0.01414962 0.1076089 0.01414962 0.09534214 0.0009147266 0.007835735 0.01259072 0.0009147266 0.01372996 0.009861419 0.01506434 0 0.0009147266 0.03526261 0.06042258 0.0009147266 0.0009147266 0.0009147266 0.0974671 0.0009147266 0.01017478 0.009190666 0.0009147266 0.008381841 0.00798116 0.0009147266 0.0009147266 0.0009147266 0.0009147266 0.0009147266 0.1226732 0.0009147266 0.09442742 999 0.006921009 0.011676 999 0.01281523 0.008946692 0.01414962 0.0009147266 0 0.03434788 0.05950786 999 999 999 0.09655237 999 0.009260053 0.008275939 999 0.007467114 0.007066433 999 999 999 999 999 0.1217585 999 0.06007954 0.03434788 0.02742687 0.02267188 0.03434788 0.02153265 0.02540119 0.02019827 0.03526261 0.03434788 0 0.02515998 0.03434788 0.03434788 0.03434788 0.06220449 0.03434788 0.02508783 0.02607194 0.03434788 0.02688077 0.02728145 0.03434788 0.03434788 0.03434788 0.03434788 0.03434788 0.0874106 0.03434788 0.03491956 0.05950786 0.05258685 0.04783186 0.05950786 0.04669263 0.05056117 0.04535824 0.06042258 0.05950786 0.02515998 0 0.05950786 0.05950786 0.05950786 0.03704451 0.05950786 0.0502478 0.05123192 0.05950786 0.05204074 0.05244142 0.05950786 0.05950786 0.05950786 0.05950786 0.05950786 0.06225062 0.05950786 0.09442742 999 0.006921009 0.011676 999 0.01281523 0.008946692 0.01414962 0.0009147266 999 0.03434788 0.05950786 0 999 999 0.09655237 999 0.009260053 0.008275939 999 0.007467114 0.007066433 999 999 999 999 999 0.1217585 999 0.09442742 999 0.006921009 0.011676 999 0.01281523 0.008946692 0.01414962 0.0009147266 999 0.03434788 0.05950786 999 0 999 0.09655237 999 0.009260053 0.008275939 999 0.007467114 0.007066433 999 999 999 999 999 0.1217585 999 0.09442742 999 0.006921009 0.011676 999 0.01281523 0.008946692 0.01414962 0.0009147266 999 0.03434788 0.05950786 999 999 0 0.09655237 999 0.009260053 0.008275939 999 0.007467114 0.007066433 999 999 999 999 999 0.1217585 999 0.002124954 0.09655237 0.08963136 0.08487637 0.09655237 0.08373714 0.08760568 0.08240275 0.0974671 0.09655237 0.06220449 0.03704451 0.09655237 0.09655237 0.09655237 0 0.09655237 0.08729232 0.08827643 0.09655237 0.08908526 0.08948594 0.09655237 0.09655237 0.09655237 0.09655237 0.09655237 0.02520611 0.09655237 0.09442742 999 0.006921009 0.011676 999 0.01281523 0.008946692 0.01414962 0.0009147266 999 0.03434788 0.05950786 999 999 999 0.09655237 0 0.009260053 0.008275939 999 0.007467114 0.007066433 999 999 999 999 999 0.1217585 999 0.08516736 0.009260053 0.002339045 0.002415944 0.009260053 0.003555179 0.0003133609 0.004889564 0.01017478 0.009260053 0.02508783 0.0502478 0.009260053 0.009260053 0.009260053 0.08729232 0.009260053 0 0.0009841139 0.009260053 0.001792939 0.00219362 0.009260053 0.009260053 0.009260053 0.009260053 0.009260053 0.1124984 0.009260053 0.08615148 0.008275939 0.001354931 0.003400058 0.008275939 0.004539293 0.000670753 0.005873678 0.009190666 0.008275939 0.02607194 0.05123192 0.008275939 0.008275939 0.008275939 0.08827643 0.008275939 0.0009841139 0 0.008275939 0.0008088249 0.001209506 0.008275939 0.008275939 0.008275939 0.008275939 0.008275939 0.1134825 0.008275939 0.09442742 999 0.006921009 0.011676 999 0.01281523 0.008946692 0.01414962 0.0009147266 999 0.03434788 0.05950786 999 999 999 0.09655237 999 0.009260053 0.008275939 0 0.007467114 0.007066433 999 999 999 999 999 0.1217585 999 0.0869603 0.007467114 0.0005461057 0.004208883 0.007467114 0.005348118 0.001479578 0.006682503 0.008381841 0.007467114 0.02688077 0.05204074 0.007467114 0.007467114 0.007467114 0.08908526 0.007467114 0.001792939 0.0008088249 0.007467114 0 0.0004006814 0.007467114 0.007467114 0.007467114 0.007467114 0.007467114 0.1142914 0.007467114 0.08736098 0.007066433 0.0001454244 0.004609565 0.007066433 0.005748799 0.001880259 0.007083184 0.00798116 0.007066433 0.02728145 0.05244142 0.007066433 0.007066433 0.007066433 0.08948594 0.007066433 0.00219362 0.001209506 0.007066433 0.0004006814 0 0.007066433 0.007066433 0.007066433 0.007066433 0.007066433 0.114692 0.007066433 0.09442742 999 0.006921009 0.011676 999 0.01281523 0.008946692 0.01414962 0.0009147266 999 0.03434788 0.05950786 999 999 999 0.09655237 999 0.009260053 0.008275939 999 0.007467114 0.007066433 0 999 999 999 999 0.1217585 999 0.09442742 999 0.006921009 0.011676 999 0.01281523 0.008946692 0.01414962 0.0009147266 999 0.03434788 0.05950786 999 999 999 0.09655237 999 0.009260053 0.008275939 999 0.007467114 0.007066433 999 0 999 999 999 0.1217585 999 0.09442742 999 0.006921009 0.011676 999 0.01281523 0.008946692 0.01414962 0.0009147266 999 0.03434788 0.05950786 999 999 999 0.09655237 999 0.009260053 0.008275939 999 0.007467114 0.007066433 999 999 0 999 999 0.1217585 999 0.09442742 999 0.006921009 0.011676 999 0.01281523 0.008946692 0.01414962 0.0009147266 999 0.03434788 0.05950786 999 999 999 0.09655237 999 0.009260053 0.008275939 999 0.007467114 0.007066433 999 999 999 0 999 0.1217585 999 0.09442742 999 0.006921009 0.011676 999 0.01281523 0.008946692 0.01414962 0.0009147266 999 0.03434788 0.05950786 999 999 999 0.09655237 999 0.009260053 0.008275939 999 0.007467114 0.007066433 999 999 999 999 0 0.1217585 999 0.02733107 0.1217585 0.1148375 0.1100825 0.1217585 0.1089433 0.1128118 0.1076089 0.1226732 0.1217585 0.0874106 0.06225062 0.1217585 0.1217585 0.1217585 0.02520611 0.1217585 0.1124984 0.1134825 0.1217585 0.1142914 0.114692 0.1217585 0.1217585 0.1217585 0.1217585 0.1217585 0 0.1217585 0.09442742 999 0.006921009 0.011676 999 0.01281523 0.008946692 0.01414962 0.0009147266 999 0.03434788 0.05950786 999 999 999 0.09655237 999 0.009260053 0.008275939 999 0.007467114 0.007066433 999 999 999 999 999 0.1217585 0