46
0 0.1 10 3
0 0.1199245 0.03604001 0 0.2017782 0 0.2280781 0.1751873 0.1751873 0 0.006467286 0.1714334 0 0 0.1714334 0.109541 0.01753328 0.3146617 0.08721885 0 0 0 0.5956939 0 0 0.6073181 0.6073181 0 0.04736709 0 0.3064563 0 0.2909781 0 0 0 0.292843 0 0.3033483 0 0 0 0 0 0.7719219 0 0.1199245 0 0.08388449 0.1199245 0.08185368 0.1199245 0.1081536 0.05526284 0.05526284 0.1199245 0.1134572 0.05150891 0.1199245 0.1199245 0.05150891 0.01038346 0.1023912 0.4345862 0.03270566 0.1199245 0.1199245 0.1199245 0.7156184 0.1199245 0.1199245 0.7272427 0.7272427 0.1199245 0.1672916 0.1199245 0.4263808 0.1199245 0.4109026 0.1199245 0.1199245 0.1199245 0.4127675 0.1199245 0.4232728 0.1199245 0.1199245 0.1199245 0.1199245 0.1199245 0.8918464 0.1199245 0.03604001 0.08388449 0 0.03604001 0.1657382 0.03604001 0.1920381 0.1391473 0.1391473 0.03604001 0.02957273 0.1353934 0.03604001 0.03604001 0.1353934 0.07350104 0.01850673 0.3507017 0.05117883 0.03604001 0.03604001 0.03604001 0.631734 0.03604001 0.03604001 0.6433582 0.6433582 0.03604001 0.0834071 0.03604001 0.3424964 0.03604001 0.3270181 0.03604001 0.03604001 0.03604001 0.328883 0.03604001 0.3393883 0.03604001 0.03604001 0.03604001 0.03604001 0.03604001 0.8079619 0.03604001 0 0.1199245 0.03604001 0 0.2017782 0 0.2280781 0.1751873 0.1751873 0 0.006467286 0.1714334 0 0 0.1714334 0.109541 0.01753328 0.3146617 0.08721885 0 0 0 0.5956939 0 0 0.6073181 0.6073181 0 0.04736709 0 0.3064563 0 0.2909781 0 0 0 0.292843 0 0.3033483 0 0 0 0 0 0.7719219 0 0.2017782 0.08185368 0.1657382 0.2017782 0 0.2017782 0.02629993 0.02659084 0.02659084 0.2017782 0.1953109 0.03034477 0.2017782 0.2017782 0.03034477 0.09223714 0.1842449 0.5164399 0.1145593 0.2017782 0.2017782 0.2017782 0.7974721 0.2017782 0.2017782 0.8090963 0.8090963 0.2017782 0.2491453 0.2017782 0.5082345 0.2017782 0.4927563 0.2017782 0.2017782 0.2017782 0.4946212 0.2017782 0.5051265 0.2017782 0.2017782 0.2017782 0.2017782 0.2017782 0.9737001 0.2017782 0 0.1199245 0.03604001 0 0.2017782 0 0.2280781 0.1751873 0.1751873 0 0.006467286 0.1714334 0 0 0.1714334 0.109541 0.01753328 0.3146617 0.08721885 0 0 0 0.5956939 0 0 0.6073181 0.6073181 0 0.04736709 0 0.3064563 0 0.2909781 0 0 0 0.292843 0 0.3033483 0 0 0 0 0 0.7719219 0 0.2280781 0.1081536 0.1920381 0.2280781 0.02629993 0.2280781 0 0.05289077 0.05289077 0.2280781 0.2216108 0.0566447 0.2280781 0.2280781 0.0566447 0.1185371 0.2105448 0.5427398 0.1408593 0.2280781 0.2280781 0.2280781 0.8237721 0.2280781 0.2280781 0.8353963 0.8353963 0.2280781 0.2754452 0.2280781 0.5345345 0.2280781 0.5190562 0.2280781 0.2280781 0.2280781 0.5209211 0.2280781 0.5314264 0.2280781 0.2280781 0.2280781 0.2280781 0.2280781 1 0.2280781 0.1751873 0.05526284 0.1391473 0.1751873 0.02659084 0.1751873 0.05289077 0 0 0.1751873 0.1687201 0.003753931 0.1751873 0.1751873 0.003753931 0.0656463 0.1576541 0.489849 0.0879685 0.1751873 0.1751873 0.1751873 0.7708813 0.1751873 0.1751873 0.7825055 0.7825055 0.1751873 0.2225544 0.1751873 0.4816437 0.1751873 0.4661655 0.1751873 0.1751873 0.1751873 0.4680303 0.1751873 0.4785356 0.1751873 0.1751873 0.1751873 0.1751873 0.1751873 0.9471092 0.1751873 0.1751873 0.05526284 0.1391473 0.1751873 0.02659084 0.1751873 0.05289077 0 0 0.1751873 0.1687201 0.003753931 0.1751873 0.1751873 0.003753931 0.0656463 0.1576541 0.489849 0.0879685 0.1751873 0.1751873 0.1751873 0.7708813 0.1751873 0.1751873 0.7825055 0.7825055 0.1751873 0.2225544 0.1751873 0.4816437 0.1751873 0.4661655 0.1751873 0.1751873 0.1751873 0.4680303 0.1751873 0.4785356 0.1751873 0.1751873 0.1751873 0.1751873 0.1751873 0.9471092 0.1751873 0 0.1199245 0.03604001 0 0.2017782 0 0.2280781 0.1751873 0.1751873 0 0.006467286 0.1714334 0 0 0.1714334 0.109541 0.01753328 0.3146617 0.08721885 0 0 0 0.5956939 0 0 0.6073181 0.6073181 0 0.04736709 0 0.3064563 0 0.2909781 0 0 0 0.292843 0 0.3033483 0 0 0 0 0 0.7719219 0 0.006467286 0.1134572 0.02957273 0.006467286 0.1953109 0.006467286 0.2216108 0.1687201 0.1687201 0.006467286 0 0.1649661 0.006467286 0.006467286 0.1649661 0.1030738 0.011066 0.321129 0.08075156 0.006467286 0.006467286 0.006467286 0.6021612 0.006467286 0.006467286 0.6137854 0.6137854 0.006467286 0.05383437 0.006467286 0.3129236 0.006467286 0.2974454 0.006467286 0.006467286 0.006467286 0.2993103 0.006467286 0.3098156 0.006467286 0.006467286 0.006467286 0.006467286 0.006467286 0.7783892 0.006467286 0.1714334 0.05150891 0.1353934 0.1714334 0.03034477 0.1714334 0.0566447 0.003753931 0.003753931 0.1714334 0.1649661 0 0.1714334 0.1714334 0 0.06189237 0.1539001 0.4860951 0.08421457 0.1714334 0.1714334 0.1714334 0.7671274 0.1714334 0.1714334 0.7787516 0.7787516 0.1714334 0.2188005 0.1714334 0.4778898 0.1714334 0.4624115 0.1714334 0.1714334 0.1714334 0.4642764 0.1714334 0.4747817 0.1714334 0.1714334 0.1714334 0.1714334 0.1714334 0.9433553 0.1714334 0 0.1199245 0.03604001 0 0.2017782 0 0.2280781 0.1751873 0.1751873 0 0.006467286 0.1714334 0 0 0.1714334 0.109541 0.01753328 0.3146617 0.08721885 0 0 0 0.5956939 0 0 0.6073181 0.6073181 0 0.04736709 0 0.3064563 0 0.2909781 0 0 0 0.292843 0 0.3033483 0 0 0 0 0 0.7719219 0 0 0.1199245 0.03604001 0 0.2017782 0 0.2280781 0.1751873 0.1751873 0 0.006467286 0.1714334 0 0 0.1714334 0.109541 0.01753328 0.3146617 0.08721885 0 0 0 0.5956939 0 0 0.6073181 0.6073181 0 0.04736709 0 0.3064563 0 0.2909781 0 0 0 0.292843 0 0.3033483 0 0 0 0 0 0.7719219 0 0.1714334 0.05150891 0.1353934 0.1714334 0.03034477 0.1714334 0.0566447 0.003753931 0.003753931 0.1714334 0.1649661 0 0.1714334 0.1714334 0 0.06189237 0.1539001 0.4860951 0.08421457 0.1714334 0.1714334 0.1714334 0.7671274 0.1714334 0.1714334 0.7787516 0.7787516 0.1714334 0.2188005 0.1714334 0.4778898 0.1714334 0.4624115 0.1714334 0.1714334 0.1714334 0.4642764 0.1714334 0.4747817 0.1714334 0.1714334 0.1714334 0.1714334 0.1714334 0.9433553 0.1714334 0.109541 0.01038346 0.07350104 0.109541 0.09223714 0.109541 0.1185371 0.0656463 0.0656463 0.109541 0.1030738 0.06189237 0.109541 0.109541 0.06189237 0 0.09200777 0.4242027 0.0223222 0.109541 0.109541 0.109541 0.705235 0.109541 0.109541 0.7168592 0.7168592 0.109541 0.1569081 0.109541 0.4159974 0.109541 0.4005192 0.109541 0.109541 0.109541 0.402384 0.109541 0.4128893 0.109541 0.109541 0.109541 0.109541 0.109541 0.8814629 0.109541 0.01753328 0.1023912 0.01850673 0.01753328 0.1842449 0.01753328 0.2105448 0.1576541 0.1576541 0.01753328 0.011066 0.1539001 0.01753328 0.01753328 0.1539001 0.09200777 0 0.3321949 0.06968556 0.01753328 0.01753328 0.01753328 0.6132272 0.01753328 0.01753328 0.6248514 0.6248514 0.01753328 0.06490037 0.01753328 0.3239896 0.01753328 0.3085114 0.01753328 0.01753328 0.01753328 0.3103762 0.01753328 0.3208815 0.01753328 0.01753328 0.01753328 0.01753328 0.01753328 0.7894552 0.01753328 0.3146617 0.4345862 0.3507017 0.3146617 0.5164399 0.3146617 0.5427398 0.489849 0.489849 0.3146617 0.321129 0.4860951 0.3146617 0.3146617 0.4860951 0.4242027 0.3321949 0 0.4018805 0.3146617 0.3146617 0.3146617 0.2810323 0.3146617 0.3146617 0.2926565 0.2926565 0.3146617 0.2672946 0.3146617 0.008205322 0.3146617 0.02368354 0.3146617 0.3146617 0.3146617 0.0218187 0.3146617 0.0113134 0.3146617 0.3146617 0.3146617 0.3146617 0.3146617 0.4572602 0.3146617 0.08721885 0.03270566 0.05117883 0.08721885 0.1145593 0.08721885 0.1408593 0.0879685 0.0879685 0.08721885 0.08075156 0.08421457 0.08721885 0.08721885 0.08421457 0.0223222 0.06968556 0.4018805 0 0.08721885 0.08721885 0.08721885 0.6829128 0.08721885 0.08721885 0.694537 0.694537 0.08721885 0.1345859 0.08721885 0.3936752 0.08721885 0.378197 0.08721885 0.08721885 0.08721885 0.3800618 0.08721885 0.3905671 0.08721885 0.08721885 0.08721885 0.08721885 0.08721885 0.8591407 0.08721885 0 0.1199245 0.03604001 0 0.2017782 0 0.2280781 0.1751873 0.1751873 0 0.006467286 0.1714334 0 0 0.1714334 0.109541 0.01753328 0.3146617 0.08721885 0 0 0 0.5956939 0 0 0.6073181 0.6073181 0 0.04736709 0 0.3064563 0 0.2909781 0 0 0 0.292843 0 0.3033483 0 0 0 0 0 0.7719219 0 0 0.1199245 0.03604001 0 0.2017782 0 0.2280781 0.1751873 0.1751873 0 0.006467286 0.1714334 0 0 0.1714334 0.109541 0.01753328 0.3146617 0.08721885 0 0 0 0.5956939 0 0 0.6073181 0.6073181 0 0.04736709 0 0.3064563 0 0.2909781 0 0 0 0.292843 0 0.3033483 0 0 0 0 0 0.7719219 0 0 0.1199245 0.03604001 0 0.2017782 0 0.2280781 0.1751873 0.1751873 0 0.006467286 0.1714334 0 0 0.1714334 0.109541 0.01753328 0.3146617 0.08721885 0 0 0 0.5956939 0 0 0.6073181 0.6073181 0 0.04736709 0 0.3064563 0 0.2909781 0 0 0 0.292843 0 0.3033483 0 0 0 0 0 0.7719219 0 0.5956939 0.7156184 0.631734 0.5956939 0.7974721 0.5956939 0.8237721 0.7708813 0.7708813 0.5956939 0.6021612 0.7671274 0.5956939 0.5956939 0.7671274 0.705235 0.6132272 0.2810323 0.6829128 0.5956939 0.5956939 0.5956939 0 0.5956939 0.5956939 0.01162421 0.01162421 0.5956939 0.5483269 0.5956939 0.2892376 0.5956939 0.3047158 0.5956939 0.5956939 0.5956939 0.302851 0.5956939 0.2923457 0.5956939 0.5956939 0.5956939 0.5956939 0.5956939 0.1762279 0.5956939 0 0.1199245 0.03604001 0 0.2017782 0 0.2280781 0.1751873 0.1751873 0 0.006467286 0.1714334 0 0 0.1714334 0.109541 0.01753328 0.3146617 0.08721885 0 0 0 0.5956939 0 0 0.6073181 0.6073181 0 0.04736709 0 0.3064563 0 0.2909781 0 0 0 0.292843 0 0.3033483 0 0 0 0 0 0.7719219 0 0 0.1199245 0.03604001 0 0.2017782 0 0.2280781 0.1751873 0.1751873 0 0.006467286 0.1714334 0 0 0.1714334 0.109541 0.01753328 0.3146617 0.08721885 0 0 0 0.5956939 0 0 0.6073181 0.6073181 0 0.04736709 0 0.3064563 0 0.2909781 0 0 0 0.292843 0 0.3033483 0 0 0 0 0 0.7719219 0 0.6073181 0.7272427 0.6433582 0.6073181 0.8090963 0.6073181 0.8353963 0.7825055 0.7825055 0.6073181 0.6137854 0.7787516 0.6073181 0.6073181 0.7787516 0.7168592 0.6248514 0.2926565 0.694537 0.6073181 0.6073181 0.6073181 0.01162421 0.6073181 0.6073181 0 0 0.6073181 0.5599511 0.6073181 0.3008618 0.6073181 0.31634 0.6073181 0.6073181 0.6073181 0.3144752 0.6073181 0.3039699 0.6073181 0.6073181 0.6073181 0.6073181 0.6073181 0.1646037 0.6073181 0.6073181 0.7272427 0.6433582 0.6073181 0.8090963 0.6073181 0.8353963 0.7825055 0.7825055 0.6073181 0.6137854 0.7787516 0.6073181 0.6073181 0.7787516 0.7168592 0.6248514 0.2926565 0.694537 0.6073181 0.6073181 0.6073181 0.01162421 0.6073181 0.6073181 0 0 0.6073181 0.5599511 0.6073181 0.3008618 0.6073181 0.31634 0.6073181 0.6073181 0.6073181 0.3144752 0.6073181 0.3039699 0.6073181 0.6073181 0.6073181 0.6073181 0.6073181 0.1646037 0.6073181 0 0.1199245 0.03604001 0 0.2017782 0 0.2280781 0.1751873 0.1751873 0 0.006467286 0.1714334 0 0 0.1714334 0.109541 0.01753328 0.3146617 0.08721885 0 0 0 0.5956939 0 0 0.6073181 0.6073181 0 0.04736709 0 0.3064563 0 0.2909781 0 0 0 0.292843 0 0.3033483 0 0 0 0 0 0.7719219 0 0.04736709 0.1672916 0.0834071 0.04736709 0.2491453 0.04736709 0.2754452 0.2225544 0.2225544 0.04736709 0.05383437 0.2188005 0.04736709 0.04736709 0.2188005 0.1569081 0.06490037 0.2672946 0.1345859 0.04736709 0.04736709 0.04736709 0.5483269 0.04736709 0.04736709 0.5599511 0.5599511 0.04736709 0 0.04736709 0.2590893 0.04736709 0.243611 0.04736709 0.04736709 0.04736709 0.2454759 0.04736709 0.2559812 0.04736709 0.04736709 0.04736709 0.04736709 0.04736709 0.7245548 0.04736709 0 0.1199245 0.03604001 0 0.2017782 0 0.2280781 0.1751873 0.1751873 0 0.006467286 0.1714334 0 0 0.1714334 0.109541 0.01753328 0.3146617 0.08721885 0 0 0 0.5956939 0 0 0.6073181 0.6073181 0 0.04736709 0 0.3064563 0 0.2909781 0 0 0 0.292843 0 0.3033483 0 0 0 0 0 0.7719219 0 0.3064563 0.4263808 0.3424964 0.3064563 0.5082345 0.3064563 0.5345345 0.4816437 0.4816437 0.3064563 0.3129236 0.4778898 0.3064563 0.3064563 0.4778898 0.4159974 0.3239896 0.008205322 0.3936752 0.3064563 0.3064563 0.3064563 0.2892376 0.3064563 0.3064563 0.3008618 0.3008618 0.3064563 0.2590893 0.3064563 0 0.3064563 0.01547822 0.3064563 0.3064563 0.3064563 0.01361338 0.3064563 0.003108077 0.3064563 0.3064563 0.3064563 0.3064563 0.3064563 0.4654655 0.3064563 0 0.1199245 0.03604001 0 0.2017782 0 0.2280781 0.1751873 0.1751873 0 0.006467286 0.1714334 0 0 0.1714334 0.109541 0.01753328 0.3146617 0.08721885 0 0 0 0.5956939 0 0 0.6073181 0.6073181 0 0.04736709 0 0.3064563 0 0.2909781 0 0 0 0.292843 0 0.3033483 0 0 0 0 0 0.7719219 0 0.2909781 0.4109026 0.3270181 0.2909781 0.4927563 0.2909781 0.5190562 0.4661655 0.4661655 0.2909781 0.2974454 0.4624115 0.2909781 0.2909781 0.4624115 0.4005192 0.3085114 0.02368354 0.378197 0.2909781 0.2909781 0.2909781 0.3047158 0.2909781 0.2909781 0.31634 0.31634 0.2909781 0.243611 0.2909781 0.01547822 0.2909781 0 0.2909781 0.2909781 0.2909781 0.001864846 0.2909781 0.01237014 0.2909781 0.2909781 0.2909781 0.2909781 0.2909781 0.4809438 0.2909781 0 0.1199245 0.03604001 0 0.2017782 0 0.2280781 0.1751873 0.1751873 0 0.006467286 0.1714334 0 0 0.1714334 0.109541 0.01753328 0.3146617 0.08721885 0 0 0 0.5956939 0 0 0.6073181 0.6073181 0 0.04736709 0 0.3064563 0 0.2909781 0 0 0 0.292843 0 0.3033483 0 0 0 0 0 0.7719219 0 0 0.1199245 0.03604001 0 0.2017782 0 0.2280781 0.1751873 0.1751873 0 0.006467286 0.1714334 0 0 0.1714334 0.109541 0.01753328 0.3146617 0.08721885 0 0 0 0.5956939 0 0 0.6073181 0.6073181 0 0.04736709 0 0.3064563 0 0.2909781 0 0 0 0.292843 0 0.3033483 0 0 0 0 0 0.7719219 0 0 0.1199245 0.03604001 0 0.2017782 0 0.2280781 0.1751873 0.1751873 0 0.006467286 0.1714334 0 0 0.1714334 0.109541 0.01753328 0.3146617 0.08721885 0 0 0 0.5956939 0 0 0.6073181 0.6073181 0 0.04736709 0 0.3064563 0 0.2909781 0 0 0 0.292843 0 0.3033483 0 0 0 0 0 0.7719219 0 0.292843 0.4127675 0.328883 0.292843 0.4946212 0.292843 0.5209211 0.4680303 0.4680303 0.292843 0.2993103 0.4642764 0.292843 0.292843 0.4642764 0.402384 0.3103762 0.0218187 0.3800618 0.292843 0.292843 0.292843 0.302851 0.292843 0.292843 0.3144752 0.3144752 0.292843 0.2454759 0.292843 0.01361338 0.292843 0.001864846 0.292843 0.292843 0.292843 0 0.292843 0.0105053 0.292843 0.292843 0.292843 0.292843 0.292843 0.4790789 0.292843 0 0.1199245 0.03604001 0 0.2017782 0 0.2280781 0.1751873 0.1751873 0 0.006467286 0.1714334 0 0 0.1714334 0.109541 0.01753328 0.3146617 0.08721885 0 0 0 0.5956939 0 0 0.6073181 0.6073181 0 0.04736709 0 0.3064563 0 0.2909781 0 0 0 0.292843 0 0.3033483 0 0 0 0 0 0.7719219 0 0.3033483 0.4232728 0.3393883 0.3033483 0.5051265 0.3033483 0.5314264 0.4785356 0.4785356 0.3033483 0.3098156 0.4747817 0.3033483 0.3033483 0.4747817 0.4128893 0.3208815 0.0113134 0.3905671 0.3033483 0.3033483 0.3033483 0.2923457 0.3033483 0.3033483 0.3039699 0.3039699 0.3033483 0.2559812 0.3033483 0.003108077 0.3033483 0.01237014 0.3033483 0.3033483 0.3033483 0.0105053 0.3033483 0 0.3033483 0.3033483 0.3033483 0.3033483 0.3033483 0.4685736 0.3033483 0 0.1199245 0.03604001 0 0.2017782 0 0.2280781 0.1751873 0.1751873 0 0.006467286 0.1714334 0 0 0.1714334 0.109541 0.01753328 0.3146617 0.08721885 0 0 0 0.5956939 0 0 0.6073181 0.6073181 0 0.04736709 0 0.3064563 0 0.2909781 0 0 0 0.292843 0 0.3033483 0 0 0 0 0 0.7719219 0 0 0.1199245 0.03604001 0 0.2017782 0 0.2280781 0.1751873 0.1751873 0 0.006467286 0.1714334 0 0 0.1714334 0.109541 0.01753328 0.3146617 0.08721885 0 0 0 0.5956939 0 0 0.6073181 0.6073181 0 0.04736709 0 0.3064563 0 0.2909781 0 0 0 0.292843 0 0.3033483 0 0 0 0 0 0.7719219 0 0 0.1199245 0.03604001 0 0.2017782 0 0.2280781 0.1751873 0.1751873 0 0.006467286 0.1714334 0 0 0.1714334 0.109541 0.01753328 0.3146617 0.08721885 0 0 0 0.5956939 0 0 0.6073181 0.6073181 0 0.04736709 0 0.3064563 0 0.2909781 0 0 0 0.292843 0 0.3033483 0 0 0 0 0 0.7719219 0 0 0.1199245 0.03604001 0 0.2017782 0 0.2280781 0.1751873 0.1751873 0 0.006467286 0.1714334 0 0 0.1714334 0.109541 0.01753328 0.3146617 0.08721885 0 0 0 0.5956939 0 0 0.6073181 0.6073181 0 0.04736709 0 0.3064563 0 0.2909781 0 0 0 0.292843 0 0.3033483 0 0 0 0 0 0.7719219 0 0 0.1199245 0.03604001 0 0.2017782 0 0.2280781 0.1751873 0.1751873 0 0.006467286 0.1714334 0 0 0.1714334 0.109541 0.01753328 0.3146617 0.08721885 0 0 0 0.5956939 0 0 0.6073181 0.6073181 0 0.04736709 0 0.3064563 0 0.2909781 0 0 0 0.292843 0 0.3033483 0 0 0 0 0 0.7719219 0 0.7719219 0.8918464 0.8079619 0.7719219 0.9737001 0.7719219 1 0.9471092 0.9471092 0.7719219 0.7783892 0.9433553 0.7719219 0.7719219 0.9433553 0.8814629 0.7894552 0.4572602 0.8591407 0.7719219 0.7719219 0.7719219 0.1762279 0.7719219 0.7719219 0.1646037 0.1646037 0.7719219 0.7245548 0.7719219 0.4654655 0.7719219 0.4809438 0.7719219 0.7719219 0.7719219 0.4790789 0.7719219 0.4685736 0.7719219 0.7719219 0.7719219 0.7719219 0.7719219 0 0.7719219 0 0.1199245 0.03604001 0 0.2017782 0 0.2280781 0.1751873 0.1751873 0 0.006467286 0.1714334 0 0 0.1714334 0.109541 0.01753328 0.3146617 0.08721885 0 0 0 0.5956939 0 0 0.6073181 0.6073181 0 0.04736709 0 0.3064563 0 0.2909781 0 0 0 0.292843 0 0.3033483 0 0 0 0 0 0.7719219 0