58
0 0.1 10 3
0 0.05004555 0.05004555 0.0434251 0.3568727 0.05004555 0.1021171 0.06376711 0.07765106 0.2241016 0.08938286 0.05004555 0.3027713 0.2275117 0.05004555 0.07927492 0.09935657 0.05004555 0.104174 0.08782721 0.1098034 0.0461824 0.05004555 0.1381851 0.301364 0.05004555 0.05004555 0.05004555 0.4578223 0.05004555 0.05004555 0.05004555 0.05004555 0.05004555 0.8402669 1 0.9868197 0.05004555 0.05004555 0.08915336 0.05004555 0.05004555 0.08157537 0.07989739 0.05004555 0.05004555 0.05004555 0.05004555 0.05004555 0.05004555 0.05004555 0.1339447 0.1608465 0.05004555 0.1405754 0.05004555 0.5642659 0.05004555 0.05004555 0 0 0.006620452 0.3068272 0 0.05207158 0.01372156 0.02760551 0.174056 0.03933732 0 0.2527258 0.1774661 0 0.02922937 0.04931103 0 0.05412846 0.03778166 0.05975782 0.003863148 0 0.08813953 0.2513184 0 0 0 0.4077767 0 0 0 0 0 0.7902214 0.9499545 0.9367742 0 0 0.03910781 0 0 0.03152983 0.02985185 0 0 0 0 0 0 0 0.08389911 0.110801 0 0.09052985 0 0.5142204 0 0.05004555 0 0 0.006620452 0.3068272 0 0.05207158 0.01372156 0.02760551 0.174056 0.03933732 0 0.2527258 0.1774661 0 0.02922937 0.04931103 0 0.05412846 0.03778166 0.05975782 0.003863148 0 0.08813953 0.2513184 0 0 0 0.4077767 0 0 0 0 0 0.7902214 0.9499545 0.9367742 0 0 0.03910781 0 0 0.03152983 0.02985185 0 0 0 0 0 0 0 0.08389911 0.110801 0 0.09052985 0 0.5142204 0 0.0434251 0.006620452 0.006620452 0 0.3134476 0.006620452 0.05869203 0.02034202 0.03422597 0.1806765 0.04595777 0.006620452 0.2593462 0.1840866 0.006620452 0.03584982 0.05593148 0.006620452 0.06074891 0.04440212 0.06637827 0.002757304 0.006620452 0.09475999 0.2579389 0.006620452 0.006620452 0.006620452 0.4143972 0.006620452 0.006620452 0.006620452 0.006620452 0.006620452 0.7968418 0.9565749 0.9433946 0.006620452 0.006620452 0.04572826 0.006620452 0.006620452 0.03815028 0.0364723 0.006620452 0.006620452 0.006620452 0.006620452 0.006620452 0.006620452 0.006620452 0.09051956 0.1174214 0.006620452 0.0971503 0.006620452 0.5208408 0.006620452 0.3568727 0.3068272 0.3068272 0.3134476 0 0.3068272 0.2547556 0.2931056 0.2792217 0.1327712 0.2674899 0.3068272 0.05410139 0.1293611 0.3068272 0.2775978 0.2575161 0.3068272 0.2526987 0.2690455 0.2470694 0.3106903 0.3068272 0.2186876 0.05550873 0.3068272 0.3068272 0.3068272 0.1009496 0.3068272 0.3068272 0.3068272 0.3068272 0.3068272 0.4833942 0.6431273 0.629947 0.3068272 0.3068272 0.2677194 0.3068272 0.3068272 0.2752973 0.2769753 0.3068272 0.3068272 0.3068272 0.3068272 0.3068272 0.3068272 0.3068272 0.2229281 0.1960262 0.3068272 0.2162973 0.3068272 0.2073932 0.3068272 0.05004555 0 0 0.006620452 0.3068272 0 0.05207158 0.01372156 0.02760551 0.174056 0.03933732 0 0.2527258 0.1774661 0 0.02922937 0.04931103 0 0.05412846 0.03778166 0.05975782 0.003863148 0 0.08813953 0.2513184 0 0 0 0.4077767 0 0 0 0 0 0.7902214 0.9499545 0.9367742 0 0 0.03910781 0 0 0.03152983 0.02985185 0 0 0 0 0 0 0 0.08389911 0.110801 0 0.09052985 0 0.5142204 0 0.1021171 0.05207158 0.05207158 0.05869203 0.2547556 0.05207158 0 0.03835001 0.02446606 0.1219844 0.01273426 0.05207158 0.2006542 0.1253945 0.05207158 0.02284221 0.002760551 0.05207158 0.002056881 0.01428991 0.007686241 0.05593473 0.05207158 0.03606796 0.1992469 0.05207158 0.05207158 0.05207158 0.3557052 0.05207158 0.05207158 0.05207158 0.05207158 0.05207158 0.7381498 0.8978829 0.8847026 0.05207158 0.05207158 0.01296377 0.05207158 0.05207158 0.02054175 0.02221973 0.05207158 0.05207158 0.05207158 0.05207158 0.05207158 0.05207158 0.05207158 0.03182753 0.05872938 0.05207158 0.03845827 0.05207158 0.4621488 0.05207158 0.06376711 0.01372156 0.01372156 0.02034202 0.2931056 0.01372156 0.03835001 0 0.01388395 0.1603344 0.02561575 0.01372156 0.2390042 0.1637445 0.01372156 0.0155078 0.03558946 0.01372156 0.04040689 0.0240601 0.04603625 0.01758471 0.01372156 0.07441797 0.2375969 0.01372156 0.01372156 0.01372156 0.3940552 0.01372156 0.01372156 0.01372156 0.01372156 0.01372156 0.7764998 0.9362329 0.9230526 0.01372156 0.01372156 0.02538625 0.01372156 0.01372156 0.01780826 0.01613028 0.01372156 0.01372156 0.01372156 0.01372156 0.01372156 0.01372156 0.01372156 0.07017755 0.09707939 0.01372156 0.07680828 0.01372156 0.5004988 0.01372156 0.07765106 0.02760551 0.02760551 0.03422597 0.2792217 0.02760551 0.02446606 0.01388395 0 0.1464505 0.0117318 0.02760551 0.2251203 0.1498606 0.02760551 0.001623854 0.02170551 0.02760551 0.02652294 0.01017615 0.0321523 0.03146866 0.02760551 0.06053402 0.2237129 0.02760551 0.02760551 0.02760551 0.3801712 0.02760551 0.02760551 0.02760551 0.02760551 0.02760551 0.7626159 0.9223489 0.9091687 0.02760551 0.02760551 0.0115023 0.02760551 0.02760551 0.003924313 0.002246331 0.02760551 0.02760551 0.02760551 0.02760551 0.02760551 0.02760551 0.02760551 0.0562936 0.08319544 0.02760551 0.06292433 0.02760551 0.4866148 0.02760551 0.2241016 0.174056 0.174056 0.1806765 0.1327712 0.174056 0.1219844 0.1603344 0.1464505 0 0.1347187 0.174056 0.07866976 0.003410093 0.174056 0.1448266 0.124745 0.174056 0.1199276 0.1362743 0.1142982 0.1779192 0.174056 0.08591648 0.07726242 0.174056 0.174056 0.174056 0.2337207 0.174056 0.174056 0.174056 0.174056 0.174056 0.6161654 0.7758984 0.7627182 0.174056 0.174056 0.1349482 0.174056 0.174056 0.1425262 0.1442042 0.174056 0.174056 0.174056 0.174056 0.174056 0.174056 0.174056 0.0901569 0.06325506 0.174056 0.08352617 0.174056 0.3401643 0.174056 0.08938286 0.03933732 0.03933732 0.04595777 0.2674899 0.03933732 0.01273426 0.02561575 0.0117318 0.1347187 0 0.03933732 0.2133885 0.1381288 0.03933732 0.01010795 0.00997371 0.03933732 0.01479114 0.001555652 0.0204205 0.04320046 0.03933732 0.04880222 0.2119811 0.03933732 0.03933732 0.03933732 0.3684394 0.03933732 0.03933732 0.03933732 0.03933732 0.03933732 0.7508841 0.9106171 0.8974369 0.03933732 0.03933732 0.0002295046 0.03933732 0.03933732 0.007807489 0.009485471 0.03933732 0.03933732 0.03933732 0.03933732 0.03933732 0.03933732 0.03933732 0.0445618 0.07146364 0.03933732 0.05119253 0.03933732 0.474883 0.03933732 0.05004555 0 0 0.006620452 0.3068272 0 0.05207158 0.01372156 0.02760551 0.174056 0.03933732 0 0.2527258 0.1774661 0 0.02922937 0.04931103 0 0.05412846 0.03778166 0.05975782 0.003863148 0 0.08813953 0.2513184 0 0 0 0.4077767 0 0 0 0 0 0.7902214 0.9499545 0.9367742 0 0 0.03910781 0 0 0.03152983 0.02985185 0 0 0 0 0 0 0 0.08389911 0.110801 0 0.09052985 0 0.5142204 0 0.3027713 0.2527258 0.2527258 0.2593462 0.05410139 0.2527258 0.2006542 0.2390042 0.2251203 0.07866976 0.2133885 0.2527258 0 0.07525967 0.2527258 0.2234964 0.2034147 0.2527258 0.1985973 0.2149441 0.192968 0.2565889 0.2527258 0.1645862 0.00140734 0.2527258 0.2527258 0.2527258 0.155051 0.2527258 0.2527258 0.2527258 0.2527258 0.2527258 0.5374956 0.6972287 0.6840484 0.2527258 0.2527258 0.213618 0.2527258 0.2527258 0.2211959 0.2228739 0.2527258 0.2527258 0.2527258 0.2527258 0.2527258 0.2527258 0.2527258 0.1688267 0.1419248 0.2527258 0.1621959 0.2527258 0.2614946 0.2527258 0.2275117 0.1774661 0.1774661 0.1840866 0.1293611 0.1774661 0.1253945 0.1637445 0.1498606 0.003410093 0.1381288 0.1774661 0.07525967 0 0.1774661 0.1482367 0.1281551 0.1774661 0.1233376 0.1396844 0.1177083 0.1813293 0.1774661 0.08932657 0.07385233 0.1774661 0.1774661 0.1774661 0.2303106 0.1774661 0.1774661 0.1774661 0.1774661 0.1774661 0.6127553 0.7724883 0.7593081 0.1774661 0.1774661 0.1383583 0.1774661 0.1774661 0.1459363 0.1476143 0.1774661 0.1774661 0.1774661 0.1774661 0.1774661 0.1774661 0.1774661 0.093567 0.06666515 0.1774661 0.08693626 0.1774661 0.3367543 0.1774661 0.05004555 0 0 0.006620452 0.3068272 0 0.05207158 0.01372156 0.02760551 0.174056 0.03933732 0 0.2527258 0.1774661 0 0.02922937 0.04931103 0 0.05412846 0.03778166 0.05975782 0.003863148 0 0.08813953 0.2513184 0 0 0 0.4077767 0 0 0 0 0 0.7902214 0.9499545 0.9367742 0 0 0.03910781 0 0 0.03152983 0.02985185 0 0 0 0 0 0 0 0.08389911 0.110801 0 0.09052985 0 0.5142204 0 0.07927492 0.02922937 0.02922937 0.03584982 0.2775978 0.02922937 0.02284221 0.0155078 0.001623854 0.1448266 0.01010795 0.02922937 0.2234964 0.1482367 0.02922937 0 0.02008166 0.02922937 0.02489909 0.008552296 0.03052845 0.03309252 0.02922937 0.05891017 0.2220891 0.02922937 0.02922937 0.02922937 0.3785474 0.02922937 0.02922937 0.02922937 0.02922937 0.02922937 0.760992 0.9207251 0.9075448 0.02922937 0.02922937 0.009878444 0.02922937 0.02922937 0.00230046 0.0006224773 0.02922937 0.02922937 0.02922937 0.02922937 0.02922937 0.02922937 0.02922937 0.05466974 0.08157159 0.02922937 0.06130048 0.02922937 0.484991 0.02922937 0.09935657 0.04931103 0.04931103 0.05593148 0.2575161 0.04931103 0.002760551 0.03558946 0.02170551 0.124745 0.00997371 0.04931103 0.2034147 0.1281551 0.04931103 0.02008166 0 0.04931103 0.004817433 0.01152936 0.01044679 0.05317417 0.04931103 0.03882851 0.2020074 0.04931103 0.04931103 0.04931103 0.3584657 0.04931103 0.04931103 0.04931103 0.04931103 0.04931103 0.7409103 0.9006434 0.8874631 0.04931103 0.04931103 0.01020321 0.04931103 0.04931103 0.0177812 0.01945918 0.04931103 0.04931103 0.04931103 0.04931103 0.04931103 0.04931103 0.04931103 0.03458809 0.06148993 0.04931103 0.04121882 0.04931103 0.4649093 0.04931103 0.05004555 0 0 0.006620452 0.3068272 0 0.05207158 0.01372156 0.02760551 0.174056 0.03933732 0 0.2527258 0.1774661 0 0.02922937 0.04931103 0 0.05412846 0.03778166 0.05975782 0.003863148 0 0.08813953 0.2513184 0 0 0 0.4077767 0 0 0 0 0 0.7902214 0.9499545 0.9367742 0 0 0.03910781 0 0 0.03152983 0.02985185 0 0 0 0 0 0 0 0.08389911 0.110801 0 0.09052985 0 0.5142204 0 0.104174 0.05412846 0.05412846 0.06074891 0.2526987 0.05412846 0.002056881 0.04040689 0.02652294 0.1199276 0.01479114 0.05412846 0.1985973 0.1233376 0.05412846 0.02489909 0.004817433 0.05412846 0 0.01634679 0.00562936 0.05799161 0.05412846 0.03401108 0.19719 0.05412846 0.05412846 0.05412846 0.3536483 0.05412846 0.05412846 0.05412846 0.05412846 0.05412846 0.7360929 0.895826 0.8826457 0.05412846 0.05412846 0.01502065 0.05412846 0.05412846 0.02259863 0.02427661 0.05412846 0.05412846 0.05412846 0.05412846 0.05412846 0.05412846 0.05412846 0.02977065 0.0566725 0.05412846 0.03640139 0.05412846 0.4600919 0.05412846 0.08782721 0.03778166 0.03778166 0.04440212 0.2690455 0.03778166 0.01428991 0.0240601 0.01017615 0.1362743 0.001555652 0.03778166 0.2149441 0.1396844 0.03778166 0.008552296 0.01152936 0.03778166 0.01634679 0 0.02197615 0.04164481 0.03778166 0.05035787 0.2135368 0.03778166 0.03778166 0.03778166 0.3699951 0.03778166 0.03778166 0.03778166 0.03778166 0.03778166 0.7524397 0.9121728 0.8989925 0.03778166 0.03778166 0.001326147 0.03778166 0.03778166 0.006251837 0.007929819 0.03778166 0.03778166 0.03778166 0.03778166 0.03778166 0.03778166 0.03778166 0.04611745 0.07301929 0.03778166 0.05274818 0.03778166 0.4764387 0.03778166 0.1098034 0.05975782 0.05975782 0.06637827 0.2470694 0.05975782 0.007686241 0.04603625 0.0321523 0.1142982 0.0204205 0.05975782 0.192968 0.1177083 0.05975782 0.03052845 0.01044679 0.05975782 0.00562936 0.02197615 0 0.06362097 0.05975782 0.02838172 0.1915606 0.05975782 0.05975782 0.05975782 0.3480189 0.05975782 0.05975782 0.05975782 0.05975782 0.05975782 0.7304636 0.8901966 0.8770164 0.05975782 0.05975782 0.02065001 0.05975782 0.05975782 0.02822799 0.02990597 0.05975782 0.05975782 0.05975782 0.05975782 0.05975782 0.05975782 0.05975782 0.02414129 0.05104314 0.05975782 0.03077203 0.05975782 0.4544625 0.05975782 0.0461824 0.003863148 0.003863148 0.002757304 0.3106903 0.003863148 0.05593473 0.01758471 0.03146866 0.1779192 0.04320046 0.003863148 0.2565889 0.1813293 0.003863148 0.03309252 0.05317417 0.003863148 0.05799161 0.04164481 0.06362097 0 0.003863148 0.09200268 0.2551816 0.003863148 0.003863148 0.003863148 0.4116399 0.003863148 0.003863148 0.003863148 0.003863148 0.003863148 0.7940845 0.9538176 0.9406373 0.003863148 0.003863148 0.04297096 0.003863148 0.003863148 0.03539298 0.03371499 0.003863148 0.003863148 0.003863148 0.003863148 0.003863148 0.003863148 0.003863148 0.08776226 0.1146641 0.003863148 0.094393 0.003863148 0.5180835 0.003863148 0.05004555 0 0 0.006620452 0.3068272 0 0.05207158 0.01372156 0.02760551 0.174056 0.03933732 0 0.2527258 0.1774661 0 0.02922937 0.04931103 0 0.05412846 0.03778166 0.05975782 0.003863148 0 0.08813953 0.2513184 0 0 0 0.4077767 0 0 0 0 0 0.7902214 0.9499545 0.9367742 0 0 0.03910781 0 0 0.03152983 0.02985185 0 0 0 0 0 0 0 0.08389911 0.110801 0 0.09052985 0 0.5142204 0 0.1381851 0.08813953 0.08813953 0.09475999 0.2186876 0.08813953 0.03606796 0.07441797 0.06053402 0.08591648 0.04880222 0.08813953 0.1645862 0.08932657 0.08813953 0.05891017 0.03882851 0.08813953 0.03401108 0.05035787 0.02838172 0.09200268 0.08813953 0 0.1631789 0.08813953 0.08813953 0.08813953 0.3196372 0.08813953 0.08813953 0.08813953 0.08813953 0.08813953 0.7020818 0.8618149 0.8486346 0.08813953 0.08813953 0.04903172 0.08813953 0.08813953 0.05660971 0.05828769 0.08813953 0.08813953 0.08813953 0.08813953 0.08813953 0.08813953 0.08813953 0.004240423 0.02266142 0.08813953 0.002390313 0.08813953 0.4260808 0.08813953 0.301364 0.2513184 0.2513184 0.2579389 0.05550873 0.2513184 0.1992469 0.2375969 0.2237129 0.07726242 0.2119811 0.2513184 0.00140734 0.07385233 0.2513184 0.2220891 0.2020074 0.2513184 0.19719 0.2135368 0.1915606 0.2551816 0.2513184 0.1631789 0 0.2513184 0.2513184 0.2513184 0.1564583 0.2513184 0.2513184 0.2513184 0.2513184 0.2513184 0.5389029 0.698636 0.6854557 0.2513184 0.2513184 0.2122106 0.2513184 0.2513184 0.2197886 0.2214666 0.2513184 0.2513184 0.2513184 0.2513184 0.2513184 0.2513184 0.2513184 0.1674193 0.1405175 0.2513184 0.1607886 0.2513184 0.2629019 0.2513184 0.05004555 0 0 0.006620452 0.3068272 0 0.05207158 0.01372156 0.02760551 0.174056 0.03933732 0 0.2527258 0.1774661 0 0.02922937 0.04931103 0 0.05412846 0.03778166 0.05975782 0.003863148 0 0.08813953 0.2513184 0 0 0 0.4077767 0 0 0 0 0 0.7902214 0.9499545 0.9367742 0 0 0.03910781 0 0 0.03152983 0.02985185 0 0 0 0 0 0 0 0.08389911 0.110801 0 0.09052985 0 0.5142204 0 0.05004555 0 0 0.006620452 0.3068272 0 0.05207158 0.01372156 0.02760551 0.174056 0.03933732 0 0.2527258 0.1774661 0 0.02922937 0.04931103 0 0.05412846 0.03778166 0.05975782 0.003863148 0 0.08813953 0.2513184 0 0 0 0.4077767 0 0 0 0 0 0.7902214 0.9499545 0.9367742 0 0 0.03910781 0 0 0.03152983 0.02985185 0 0 0 0 0 0 0 0.08389911 0.110801 0 0.09052985 0 0.5142204 0 0.05004555 0 0 0.006620452 0.3068272 0 0.05207158 0.01372156 0.02760551 0.174056 0.03933732 0 0.2527258 0.1774661 0 0.02922937 0.04931103 0 0.05412846 0.03778166 0.05975782 0.003863148 0 0.08813953 0.2513184 0 0 0 0.4077767 0 0 0 0 0 0.7902214 0.9499545 0.9367742 0 0 0.03910781 0 0 0.03152983 0.02985185 0 0 0 0 0 0 0 0.08389911 0.110801 0 0.09052985 0 0.5142204 0 0.4578223 0.4077767 0.4077767 0.4143972 0.1009496 0.4077767 0.3557052 0.3940552 0.3801712 0.2337207 0.3684394 0.4077767 0.155051 0.2303106 0.4077767 0.3785474 0.3584657 0.4077767 0.3536483 0.3699951 0.3480189 0.4116399 0.4077767 0.3196372 0.1564583 0.4077767 0.4077767 0.4077767 0 0.4077767 0.4077767 0.4077767 0.4077767 0.4077767 0.3824446 0.5421777 0.5289974 0.4077767 0.4077767 0.3686689 0.4077767 0.4077767 0.3762469 0.3779249 0.4077767 0.4077767 0.4077767 0.4077767 0.4077767 0.4077767 0.4077767 0.3238776 0.2969758 0.4077767 0.3172469 0.4077767 0.1064436 0.4077767 0.05004555 0 0 0.006620452 0.3068272 0 0.05207158 0.01372156 0.02760551 0.174056 0.03933732 0 0.2527258 0.1774661 0 0.02922937 0.04931103 0 0.05412846 0.03778166 0.05975782 0.003863148 0 0.08813953 0.2513184 0 0 0 0.4077767 0 0 0 0 0 0.7902214 0.9499545 0.9367742 0 0 0.03910781 0 0 0.03152983 0.02985185 0 0 0 0 0 0 0 0.08389911 0.110801 0 0.09052985 0 0.5142204 0 0.05004555 0 0 0.006620452 0.3068272 0 0.05207158 0.01372156 0.02760551 0.174056 0.03933732 0 0.2527258 0.1774661 0 0.02922937 0.04931103 0 0.05412846 0.03778166 0.05975782 0.003863148 0 0.08813953 0.2513184 0 0 0 0.4077767 0 0 0 0 0 0.7902214 0.9499545 0.9367742 0 0 0.03910781 0 0 0.03152983 0.02985185 0 0 0 0 0 0 0 0.08389911 0.110801 0 0.09052985 0 0.5142204 0 0.05004555 0 0 0.006620452 0.3068272 0 0.05207158 0.01372156 0.02760551 0.174056 0.03933732 0 0.2527258 0.1774661 0 0.02922937 0.04931103 0 0.05412846 0.03778166 0.05975782 0.003863148 0 0.08813953 0.2513184 0 0 0 0.4077767 0 0 0 0 0 0.7902214 0.9499545 0.9367742 0 0 0.03910781 0 0 0.03152983 0.02985185 0 0 0 0 0 0 0 0.08389911 0.110801 0 0.09052985 0 0.5142204 0 0.05004555 0 0 0.006620452 0.3068272 0 0.05207158 0.01372156 0.02760551 0.174056 0.03933732 0 0.2527258 0.1774661 0 0.02922937 0.04931103 0 0.05412846 0.03778166 0.05975782 0.003863148 0 0.08813953 0.2513184 0 0 0 0.4077767 0 0 0 0 0 0.7902214 0.9499545 0.9367742 0 0 0.03910781 0 0 0.03152983 0.02985185 0 0 0 0 0 0 0 0.08389911 0.110801 0 0.09052985 0 0.5142204 0 0.05004555 0 0 0.006620452 0.3068272 0 0.05207158 0.01372156 0.02760551 0.174056 0.03933732 0 0.2527258 0.1774661 0 0.02922937 0.04931103 0 0.05412846 0.03778166 0.05975782 0.003863148 0 0.08813953 0.2513184 0 0 0 0.4077767 0 0 0 0 0 0.7902214 0.9499545 0.9367742 0 0 0.03910781 0 0 0.03152983 0.02985185 0 0 0 0 0 0 0 0.08389911 0.110801 0 0.09052985 0 0.5142204 0 0.8402669 0.7902214 0.7902214 0.7968418 0.4833942 0.7902214 0.7381498 0.7764998 0.7626159 0.6161654 0.7508841 0.7902214 0.5374956 0.6127553 0.7902214 0.760992 0.7409103 0.7902214 0.7360929 0.7524397 0.7304636 0.7940845 0.7902214 0.7020818 0.5389029 0.7902214 0.7902214 0.7902214 0.3824446 0.7902214 0.7902214 0.7902214 0.7902214 0.7902214 0 0.1597331 0.1465528 0.7902214 0.7902214 0.7511136 0.7902214 0.7902214 0.7586915 0.7603695 0.7902214 0.7902214 0.7902214 0.7902214 0.7902214 0.7902214 0.7902214 0.7063223 0.6794204 0.7902214 0.6996915 0.7902214 0.276001 0.7902214 1 0.9499545 0.9499545 0.9565749 0.6431273 0.9499545 0.8978829 0.9362329 0.9223489 0.7758984 0.9106171 0.9499545 0.6972287 0.7724883 0.9499545 0.9207251 0.9006434 0.9499545 0.895826 0.9121728 0.8901966 0.9538176 0.9499545 0.8618149 0.698636 0.9499545 0.9499545 0.9499545 0.5421777 0.9499545 0.9499545 0.9499545 0.9499545 0.9499545 0.1597331 0 0.01318028 0.9499545 0.9499545 0.9108466 0.9499545 0.9499545 0.9184246 0.9201026 0.9499545 0.9499545 0.9499545 0.9499545 0.9499545 0.9499545 0.9499545 0.8660553 0.8391535 0.9499545 0.8594246 0.9499545 0.4357341 0.9499545 0.9868197 0.9367742 0.9367742 0.9433946 0.629947 0.9367742 0.8847026 0.9230526 0.9091687 0.7627182 0.8974369 0.9367742 0.6840484 0.7593081 0.9367742 0.9075448 0.8874631 0.9367742 0.8826457 0.8989925 0.8770164 0.9406373 0.9367742 0.8486346 0.6854557 0.9367742 0.9367742 0.9367742 0.5289974 0.9367742 0.9367742 0.9367742 0.9367742 0.9367742 0.1465528 0.01318028 0 0.9367742 0.9367742 0.8976664 0.9367742 0.9367742 0.9052443 0.9069223 0.9367742 0.9367742 0.9367742 0.9367742 0.9367742 0.9367742 0.9367742 0.8528751 0.8259732 0.9367742 0.8462443 0.9367742 0.4225538 0.9367742 0.05004555 0 0 0.006620452 0.3068272 0 0.05207158 0.01372156 0.02760551 0.174056 0.03933732 0 0.2527258 0.1774661 0 0.02922937 0.04931103 0 0.05412846 0.03778166 0.05975782 0.003863148 0 0.08813953 0.2513184 0 0 0 0.4077767 0 0 0 0 0 0.7902214 0.9499545 0.9367742 0 0 0.03910781 0 0 0.03152983 0.02985185 0 0 0 0 0 0 0 0.08389911 0.110801 0 0.09052985 0 0.5142204 0 0.05004555 0 0 0.006620452 0.3068272 0 0.05207158 0.01372156 0.02760551 0.174056 0.03933732 0 0.2527258 0.1774661 0 0.02922937 0.04931103 0 0.05412846 0.03778166 0.05975782 0.003863148 0 0.08813953 0.2513184 0 0 0 0.4077767 0 0 0 0 0 0.7902214 0.9499545 0.9367742 0 0 0.03910781 0 0 0.03152983 0.02985185 0 0 0 0 0 0 0 0.08389911 0.110801 0 0.09052985 0 0.5142204 0 0.08915336 0.03910781 0.03910781 0.04572826 0.2677194 0.03910781 0.01296377 0.02538625 0.0115023 0.1349482 0.0002295046 0.03910781 0.213618 0.1383583 0.03910781 0.009878444 0.01020321 0.03910781 0.01502065 0.001326147 0.02065001 0.04297096 0.03910781 0.04903172 0.2122106 0.03910781 0.03910781 0.03910781 0.3686689 0.03910781 0.03910781 0.03910781 0.03910781 0.03910781 0.7511136 0.9108466 0.8976664 0.03910781 0.03910781 0 0.03910781 0.03910781 0.007577984 0.009255966 0.03910781 0.03910781 0.03910781 0.03910781 0.03910781 0.03910781 0.03910781 0.0447913 0.07169314 0.03910781 0.05142204 0.03910781 0.4751125 0.03910781 0.05004555 0 0 0.006620452 0.3068272 0 0.05207158 0.01372156 0.02760551 0.174056 0.03933732 0 0.2527258 0.1774661 0 0.02922937 0.04931103 0 0.05412846 0.03778166 0.05975782 0.003863148 0 0.08813953 0.2513184 0 0 0 0.4077767 0 0 0 0 0 0.7902214 0.9499545 0.9367742 0 0 0.03910781 0 0 0.03152983 0.02985185 0 0 0 0 0 0 0 0.08389911 0.110801 0 0.09052985 0 0.5142204 0 0.05004555 0 0 0.006620452 0.3068272 0 0.05207158 0.01372156 0.02760551 0.174056 0.03933732 0 0.2527258 0.1774661 0 0.02922937 0.04931103 0 0.05412846 0.03778166 0.05975782 0.003863148 0 0.08813953 0.2513184 0 0 0 0.4077767 0 0 0 0 0 0.7902214 0.9499545 0.9367742 0 0 0.03910781 0 0 0.03152983 0.02985185 0 0 0 0 0 0 0 0.08389911 0.110801 0 0.09052985 0 0.5142204 0 0.08157537 0.03152983 0.03152983 0.03815028 0.2752973 0.03152983 0.02054175 0.01780826 0.003924313 0.1425262 0.007807489 0.03152983 0.2211959 0.1459363 0.03152983 0.00230046 0.0177812 0.03152983 0.02259863 0.006251837 0.02822799 0.03539298 0.03152983 0.05660971 0.2197886 0.03152983 0.03152983 0.03152983 0.3762469 0.03152983 0.03152983 0.03152983 0.03152983 0.03152983 0.7586915 0.9184246 0.9052443 0.03152983 0.03152983 0.007577984 0.03152983 0.03152983 0 0.001677982 0.03152983 0.03152983 0.03152983 0.03152983 0.03152983 0.03152983 0.03152983 0.05236928 0.07927113 0.03152983 0.05900002 0.03152983 0.4826905 0.03152983 0.07989739 0.02985185 0.02985185 0.0364723 0.2769753 0.02985185 0.02221973 0.01613028 0.002246331 0.1442042 0.009485471 0.02985185 0.2228739 0.1476143 0.02985185 0.0006224773 0.01945918 0.02985185 0.02427661 0.007929819 0.02990597 0.03371499 0.02985185 0.05828769 0.2214666 0.02985185 0.02985185 0.02985185 0.3779249 0.02985185 0.02985185 0.02985185 0.02985185 0.02985185 0.7603695 0.9201026 0.9069223 0.02985185 0.02985185 0.009255966 0.02985185 0.02985185 0.001677982 0 0.02985185 0.02985185 0.02985185 0.02985185 0.02985185 0.02985185 0.02985185 0.05404727 0.08094911 0.02985185 0.060678 0.02985185 0.4843685 0.02985185 0.05004555 0 0 0.006620452 0.3068272 0 0.05207158 0.01372156 0.02760551 0.174056 0.03933732 0 0.2527258 0.1774661 0 0.02922937 0.04931103 0 0.05412846 0.03778166 0.05975782 0.003863148 0 0.08813953 0.2513184 0 0 0 0.4077767 0 0 0 0 0 0.7902214 0.9499545 0.9367742 0 0 0.03910781 0 0 0.03152983 0.02985185 0 0 0 0 0 0 0 0.08389911 0.110801 0 0.09052985 0 0.5142204 0 0.05004555 0 0 0.006620452 0.3068272 0 0.05207158 0.01372156 0.02760551 0.174056 0.03933732 0 0.2527258 0.1774661 0 0.02922937 0.04931103 0 0.05412846 0.03778166 0.05975782 0.003863148 0 0.08813953 0.2513184 0 0 0 0.4077767 0 0 0 0 0 0.7902214 0.9499545 0.9367742 0 0 0.03910781 0 0 0.03152983 0.02985185 0 0 0 0 0 0 0 0.08389911 0.110801 0 0.09052985 0 0.5142204 0 0.05004555 0 0 0.006620452 0.3068272 0 0.05207158 0.01372156 0.02760551 0.174056 0.03933732 0 0.2527258 0.1774661 0 0.02922937 0.04931103 0 0.05412846 0.03778166 0.05975782 0.003863148 0 0.08813953 0.2513184 0 0 0 0.4077767 0 0 0 0 0 0.7902214 0.9499545 0.9367742 0 0 0.03910781 0 0 0.03152983 0.02985185 0 0 0 0 0 0 0 0.08389911 0.110801 0 0.09052985 0 0.5142204 0 0.05004555 0 0 0.006620452 0.3068272 0 0.05207158 0.01372156 0.02760551 0.174056 0.03933732 0 0.2527258 0.1774661 0 0.02922937 0.04931103 0 0.05412846 0.03778166 0.05975782 0.003863148 0 0.08813953 0.2513184 0 0 0 0.4077767 0 0 0 0 0 0.7902214 0.9499545 0.9367742 0 0 0.03910781 0 0 0.03152983 0.02985185 0 0 0 0 0 0 0 0.08389911 0.110801 0 0.09052985 0 0.5142204 0 0.05004555 0 0 0.006620452 0.3068272 0 0.05207158 0.01372156 0.02760551 0.174056 0.03933732 0 0.2527258 0.1774661 0 0.02922937 0.04931103 0 0.05412846 0.03778166 0.05975782 0.003863148 0 0.08813953 0.2513184 0 0 0 0.4077767 0 0 0 0 0 0.7902214 0.9499545 0.9367742 0 0 0.03910781 0 0 0.03152983 0.02985185 0 0 0 0 0 0 0 0.08389911 0.110801 0 0.09052985 0 0.5142204 0 0.05004555 0 0 0.006620452 0.3068272 0 0.05207158 0.01372156 0.02760551 0.174056 0.03933732 0 0.2527258 0.1774661 0 0.02922937 0.04931103 0 0.05412846 0.03778166 0.05975782 0.003863148 0 0.08813953 0.2513184 0 0 0 0.4077767 0 0 0 0 0 0.7902214 0.9499545 0.9367742 0 0 0.03910781 0 0 0.03152983 0.02985185 0 0 0 0 0 0 0 0.08389911 0.110801 0 0.09052985 0 0.5142204 0 0.05004555 0 0 0.006620452 0.3068272 0 0.05207158 0.01372156 0.02760551 0.174056 0.03933732 0 0.2527258 0.1774661 0 0.02922937 0.04931103 0 0.05412846 0.03778166 0.05975782 0.003863148 0 0.08813953 0.2513184 0 0 0 0.4077767 0 0 0 0 0 0.7902214 0.9499545 0.9367742 0 0 0.03910781 0 0 0.03152983 0.02985185 0 0 0 0 0 0 0 0.08389911 0.110801 0 0.09052985 0 0.5142204 0 0.1339447 0.08389911 0.08389911 0.09051956 0.2229281 0.08389911 0.03182753 0.07017755 0.0562936 0.0901569 0.0445618 0.08389911 0.1688267 0.093567 0.08389911 0.05466974 0.03458809 0.08389911 0.02977065 0.04611745 0.02414129 0.08776226 0.08389911 0.004240423 0.1674193 0.08389911 0.08389911 0.08389911 0.3238776 0.08389911 0.08389911 0.08389911 0.08389911 0.08389911 0.7063223 0.8660553 0.8528751 0.08389911 0.08389911 0.0447913 0.08389911 0.08389911 0.05236928 0.05404727 0.08389911 0.08389911 0.08389911 0.08389911 0.08389911 0.08389911 0.08389911 0 0.02690184 0.08389911 0.006630736 0.08389911 0.4303212 0.08389911 0.1608465 0.110801 0.110801 0.1174214 0.1960262 0.110801 0.05872938 0.09707939 0.08319544 0.06325506 0.07146364 0.110801 0.1419248 0.06666515 0.110801 0.08157159 0.06148993 0.110801 0.0566725 0.07301929 0.05104314 0.1146641 0.110801 0.02266142 0.1405175 0.110801 0.110801 0.110801 0.2969758 0.110801 0.110801 0.110801 0.110801 0.110801 0.6794204 0.8391535 0.8259732 0.110801 0.110801 0.07169314 0.110801 0.110801 0.07927113 0.08094911 0.110801 0.110801 0.110801 0.110801 0.110801 0.110801 0.110801 0.02690184 0 0.110801 0.02027111 0.110801 0.4034194 0.110801 0.05004555 0 0 0.006620452 0.3068272 0 0.05207158 0.01372156 0.02760551 0.174056 0.03933732 0 0.2527258 0.1774661 0 0.02922937 0.04931103 0 0.05412846 0.03778166 0.05975782 0.003863148 0 0.08813953 0.2513184 0 0 0 0.4077767 0 0 0 0 0 0.7902214 0.9499545 0.9367742 0 0 0.03910781 0 0 0.03152983 0.02985185 0 0 0 0 0 0 0 0.08389911 0.110801 0 0.09052985 0 0.5142204 0 0.1405754 0.09052985 0.09052985 0.0971503 0.2162973 0.09052985 0.03845827 0.07680828 0.06292433 0.08352617 0.05119253 0.09052985 0.1621959 0.08693626 0.09052985 0.06130048 0.04121882 0.09052985 0.03640139 0.05274818 0.03077203 0.094393 0.09052985 0.002390313 0.1607886 0.09052985 0.09052985 0.09052985 0.3172469 0.09052985 0.09052985 0.09052985 0.09052985 0.09052985 0.6996915 0.8594246 0.8462443 0.09052985 0.09052985 0.05142204 0.09052985 0.09052985 0.05900002 0.060678 0.09052985 0.09052985 0.09052985 0.09052985 0.09052985 0.09052985 0.09052985 0.006630736 0.02027111 0.09052985 0 0.09052985 0.4236905 0.09052985 0.05004555 0 0 0.006620452 0.3068272 0 0.05207158 0.01372156 0.02760551 0.174056 0.03933732 0 0.2527258 0.1774661 0 0.02922937 0.04931103 0 0.05412846 0.03778166 0.05975782 0.003863148 0 0.08813953 0.2513184 0 0 0 0.4077767 0 0 0 0 0 0.7902214 0.9499545 0.9367742 0 0 0.03910781 0 0 0.03152983 0.02985185 0 0 0 0 0 0 0 0.08389911 0.110801 0 0.09052985 0 0.5142204 0 0.5642659 0.5142204 0.5142204 0.5208408 0.2073932 0.5142204 0.4621488 0.5004988 0.4866148 0.3401643 0.474883 0.5142204 0.2614946 0.3367543 0.5142204 0.484991 0.4649093 0.5142204 0.4600919 0.4764387 0.4544625 0.5180835 0.5142204 0.4260808 0.2629019 0.5142204 0.5142204 0.5142204 0.1064436 0.5142204 0.5142204 0.5142204 0.5142204 0.5142204 0.276001 0.4357341 0.4225538 0.5142204 0.5142204 0.4751125 0.5142204 0.5142204 0.4826905 0.4843685 0.5142204 0.5142204 0.5142204 0.5142204 0.5142204 0.5142204 0.5142204 0.4303212 0.4034194 0.5142204 0.4236905 0.5142204 0 0.5142204 0.05004555 0 0 0.006620452 0.3068272 0 0.05207158 0.01372156 0.02760551 0.174056 0.03933732 0 0.2527258 0.1774661 0 0.02922937 0.04931103 0 0.05412846 0.03778166 0.05975782 0.003863148 0 0.08813953 0.2513184 0 0 0 0.4077767 0 0 0 0 0 0.7902214 0.9499545 0.9367742 0 0 0.03910781 0 0 0.03152983 0.02985185 0 0 0 0 0 0 0 0.08389911 0.110801 0 0.09052985 0 0.5142204 0