37
0 0.05 10 3
0 0.2787906 0.1861362 0.3838914 0.0006403086 0.3698305 0.0006584265 0.3987207 0.3407493 0.3410036 0.001154791 0.1542061 0.3364097 0.0007397918 0.0003387383 0.3360202 0.06498111 0.02207339 0.0003140261 0.6787915 0.01312744 0.01312744 0.6876093 0.6882773 0.01312744 0.2808274 0.02176856 0.4546734 0.0007096633 0.4604386 0.0006775593 0.0007096633 0.000777215 0.4600203 0.0007437785 0.4524302 0.4478866 0.2787906 0 0.09263627 0.1050827 0.279449 0.09104598 0.2794671 0.119912 0.06194054 0.06219489 0.2799393 0.1260593 0.05762522 0.2795485 0.2791475 0.05723565 0.3437898 0.3008821 0.2791227 0.871497 0.2919362 0.2919362 0.8803148 0.8809828 0.2919362 0.4735571 0.3005773 0.6474031 0.2795184 0.6531683 0.2794863 0.2795184 0.2795859 0.65275 0.2795525 0.6451599 0.6405921 0.1861362 0.09263627 0 0.1977371 0.1867946 0.1837004 0.1868127 0.2125664 0.1545949 0.1548493 0.1872849 0.03340491 0.1502796 0.1868941 0.1864931 0.14989 0.2511354 0.2082277 0.1864683 0.7788427 0.1992818 0.1992818 0.7876604 0.7883284 0.1992818 0.3809027 0.2079229 0.5547487 0.186864 0.5605139 0.1868319 0.186864 0.1869315 0.5600956 0.1868981 0.5525055 0.5479377 0.3838914 0.1050827 0.1977371 0 0.3845499 0.01532431 0.384568 0.01551358 0.04389932 0.04415367 0.3839789 0.2310441 0.04882201 0.3845333 0.3841323 0.04843243 0.4487747 0.4058669 0.3841076 0.9754207 0.396921 0.396921 0.9842384 0.9849064 0.396921 0.5785419 0.4056781 0.7525039 0.3846192 0.7582692 0.3845871 0.3846192 0.3846868 0.7578509 0.3846533 0.7502608 0.7454957 0.0006403086 0.279449 0.1867946 0.3845499 0 0.3692074 999 0.399297 0.3412805 0.3414759 0.001627112 0.1536572 0.3358794 0.0001853202 0.0006494435 0.3363493 0.06537701 0.02165568 0.0007193079 0.6793678 0.01352334 0.01352334 0.6881856 0.6888536 0.01352334 0.2802729 0.02158672 0.4540348 5.123681e-05 0.4597802 2.163252e-05 5.123681e-05 0.000137552 0.4593806 0.0001041155 0.4517918 0.4484727 0.3698305 0.09104598 0.1837004 0.01532431 0.3692074 0 0.3692256 0.03007146 0.03079664 0.03099204 0.3708173 0.2159217 0.03369955 0.3694109 0.3698396 0.03415821 0.4345672 0.3908459 0.3699095 0.962479 0.3827135 0.3827135 0.9712967 0.9719647 0.3827135 0.5634195 0.3907769 0.7371813 0.3692768 0.7429268 0.3692447 0.3692768 0.3693631 0.7425272 0.3693297 0.7349383 0.7315839 0.0006584265 0.2794671 0.1868127 0.384568 999 0.3692256 0 0.3993151 0.3412986 0.341494 0.00164523 0.1536754 0.3358975 0.0001861466 0.0006675614 0.3363674 0.06539513 0.0216738 0.0007374259 0.6793859 0.01354146 0.01354146 0.6882037 0.6888717 0.01354146 0.2802548 0.02160484 0.4540166 3.31189e-05 0.4597621 3.975043e-05 3.31189e-05 0.0001194341 0.4593625 8.599759e-05 0.4517736 0.4484909 0.3987207 0.119912 0.2125664 0.01551358 0.399297 0.03007146 0.3993151 0 0.05914584 0.05940019 0.3992255 0.2456217 0.06339954 0.3991109 0.3986306 0.06293075 0.4632267 0.420319 0.3985596 0.9905143 0.411373 0.411373 0.999332 1 0.411373 0.592994 0.4204451 0.7672709 0.3993548 0.7730047 0.3993227 0.3993548 0.3994527 0.7726168 0.3994193 0.7650279 0.7601191 0.3407493 0.06194054 0.1545949 0.04389932 0.3412805 0.03079664 0.3412986 0.05914584 0 0.0002588723 0.3400841 0.1878013 0.005579185 0.3412905 0.3408806 0.005180739 0.4055338 0.362626 0.3408667 0.9317222 0.3536801 0.3536801 0.9405399 0.9412079 0.3536801 0.535301 0.3624286 0.7092544 0.3413383 0.7149882 0.3413062 0.3413383 0.3414362 0.7146003 0.3414028 0.7070114 0.7023972 0.3410036 0.06219489 0.1548493 0.04415367 0.3414759 0.03099204 0.341494 0.05940019 0.0002588723 0 0.3398307 0.1880557 0.005833533 0.3415449 0.3411349 0.005435087 0.4057881 0.3628804 0.341121 0.9315088 0.3539344 0.3539344 0.9403266 0.9409946 0.3539344 0.5355554 0.3626193 0.7094451 0.341529 0.7151789 0.3414969 0.341529 0.3416269 0.714791 0.3415934 0.7072021 0.7026515 0.001154791 0.2799393 0.1872849 0.3839789 0.001627112 0.3708173 0.00164523 0.3992255 0.3400841 0.3398307 0 0.1551624 0.337366 0.001696053 0.001286131 0.3369676 0.06593929 0.02303158 0.001272209 0.6777626 0.01408562 0.01408562 0.6865804 0.6872483 0.01408562 0.2817856 0.02277045 0.4556753 0.001680158 0.4614091 0.001648054 0.001680158 0.001778068 0.4610212 0.001744631 0.4534323 0.4488818 0.1542061 0.1260593 0.03340491 0.2310441 0.1536572 0.2159217 0.1536754 0.2456217 0.1878013 0.1880557 0.1551624 0 0.182204 0.1534711 0.1539296 0.1826739 0.2186591 0.1749378 0.1540014 0.7465709 0.1668054 0.1668054 0.7553886 0.7560566 0.1668054 0.3474816 0.1752565 0.5216311 0.153715 0.527365 0.1536829 0.153715 0.1538129 0.526977 0.1537795 0.5193881 0.5158084 0.3364097 0.05762522 0.1502796 0.04882201 0.3358794 0.03369955 0.3358975 0.06339954 0.005579185 0.005833533 0.337366 0.182204 0 0.3356932 0.3361333 0.0004518208 0.4008627 0.3571414 0.336205 0.9287745 0.3490091 0.3490091 0.9375923 0.9382603 0.3490091 0.5297037 0.3574601 0.7038532 0.3359371 0.7095871 0.335905 0.3359371 0.336035 0.7091991 0.3360016 0.7016102 0.698012 0.0007397918 0.2795485 0.1868941 0.3845333 0.0001853202 0.3694109 0.0001861466 0.3991109 0.3412905 0.3415449 0.001696053 0.1534711 0.3356932 0 0.0004632969 0.3361632 0.06519279 0.02147146 0.0005350827 0.6791836 0.01333912 0.01333912 0.6880013 0.6886693 0.01333912 0.2800714 0.02179016 0.4542209 0.0002257885 0.4599548 0.0002134758 0.0002257885 0.0003236986 0.4595668 0.0002902621 0.4519779 0.4484211 0.0003387383 0.2791475 0.1864931 0.3841323 0.0006494435 0.3698396 0.0006675614 0.3986306 0.3408806 0.3411349 0.001286131 0.1539296 0.3361333 0.0004632969 0 0.3356817 0.06472024 0.02172733 6.253675e-05 0.678711 0.01286657 0.01286657 0.6875288 0.6881968 0.01286657 0.2804813 0.0217975 0.4547023 0.0007072033 0.4604362 0.0006750993 0.0007072033 0.0008051134 0.4600482 0.0007716769 0.4524593 0.4479485 0.3360202 0.05723565 0.14989 0.04843243 0.3363493 0.03415821 0.3363674 0.06293075 0.005180739 0.005435087 0.3369676 0.1826739 0.0004518208 0.3361632 0.3356817 0 0.4004017 0.3574272 0.335744 0.9283135 0.348548 0.348548 0.9371312 0.9377992 0.348548 0.5301022 0.3574974 0.7043232 0.3364071 0.710057 0.336375 0.3364071 0.336505 0.709669 0.3364715 0.7020802 0.697551 0.06498111 0.3437898 0.2511354 0.4487747 0.06537701 0.4345672 0.06539513 0.4632267 0.4055338 0.4057881 0.06593929 0.2186591 0.4008627 0.06519279 0.06472024 0.4004017 0 0.04370321 0.06464896 0.7432975 0.077453 0.077453 0.7521152 0.7527832 0.077453 0.345153 0.04382932 0.5194299 0.06543477 0.5251637 0.06540267 0.06543477 0.06553268 0.5247758 0.06549924 0.5171869 0.512564 0.02207339 0.3008821 0.2082277 0.4058669 0.02165568 0.3908459 0.0216738 0.420319 0.362626 0.3628804 0.02303158 0.1749378 0.3571414 0.02147146 0.02172733 0.3574272 0.04370321 0 0.02174125 0.7003898 0.03454528 0.03454528 0.7092075 0.7098755 0.03454528 0.3014316 0.0004280212 0.4757086 0.02171344 0.4814424 0.02168134 0.02171344 0.02181135 0.4810544 0.02177792 0.4734656 0.4696563 0.0003140261 0.2791227 0.1864683 0.3841076 0.0007193079 0.3699095 0.0007374259 0.3985596 0.3408667 0.341121 0.001272209 0.1540014 0.336205 0.0005350827 6.253675e-05 0.335744 0.06464896 0.02174125 0 0.6786304 0.01279529 0.01279529 0.6874481 0.6881161 0.01279529 0.2804953 0.02186736 0.4547722 0.0007770678 0.460506 0.0007449638 0.0007770678 0.0008749779 0.4601181 0.0008415414 0.4525292 0.4478969 0.6787915 0.871497 0.7788427 0.9754207 0.6793678 0.962479 0.6793859 0.9905143 0.9317222 0.9315088 0.6777626 0.7465709 0.9287745 0.6791836 0.678711 0.9283135 0.7432975 0.7003898 0.6786304 0 0.6666926 0.6666926 0.008835648 0.009467626 0.6666926 0.4010869 0.7005159 0.225547 0.6794256 0.2289067 0.6793935 0.6794256 0.6795235 0.2258227 0.67949 0.2277973 0.2308868 0.01312744 0.2919362 0.1992818 0.396921 0.01352334 0.3827135 0.01354146 0.411373 0.3536801 0.3539344 0.01408562 0.1668054 0.3490091 0.01333912 0.01286657 0.348548 0.077453 0.03454528 0.01279529 0.6666926 0 -1.811791e-05 0.6746441 0.6753121 -1.811791e-05 0.2676819 0.03467139 0.4675762 0.0135811 0.4485589 0.013549 0.0135811 0.01367901 0.4473047 0.01364557 0.4653332 0.4607103 0.01312744 0.2919362 0.1992818 0.396921 0.01352334 0.3827135 0.01354146 0.411373 0.3536801 0.3539344 0.01408562 0.1668054 0.3490091 0.01333912 0.01286657 0.348548 0.077453 0.03454528 0.01279529 0.6666926 -1.811791e-05 0 0.6746441 0.6753121 -1.811791e-05 0.2676819 0.03467139 0.4675762 0.0135811 0.4485589 0.013549 0.0135811 0.01367901 0.4473047 0.01364557 0.4653332 0.4607103 0.6876093 0.8803148 0.7876604 0.9842384 0.6881856 0.9712967 0.6882037 0.999332 0.9405399 0.9403266 0.6865804 0.7553886 0.9375923 0.6880013 0.6875288 0.9371312 0.7521152 0.7092075 0.6874481 0.008835648 0.6746441 0.6746441 0 0.000649869 0.6746441 0.4090383 0.7093336 0.2343647 0.6882433 0.2377245 0.6882112 0.6882433 0.6883412 0.2337742 0.6883078 0.2366151 0.2397046 0.6882773 0.8809828 0.7883284 0.9849064 0.6888536 0.9719647 0.6888717 1 0.9412079 0.9409946 0.6872483 0.7560566 0.9382603 0.6886693 0.6881968 0.9377992 0.7527832 0.7098755 0.6881161 0.009467626 0.6753121 0.6753121 0.000649869 0 0.6753121 0.4097063 0.7100016 0.2350327 0.6889113 0.2383924 0.6888792 0.6889113 0.6890092 0.2344421 0.6889758 0.2372831 0.2403726 0.01312744 0.2919362 0.1992818 0.396921 0.01352334 0.3827135 0.01354146 0.411373 0.3536801 0.3539344 0.01408562 0.1668054 0.3490091 0.01333912 0.01286657 0.348548 0.077453 0.03454528 0.01279529 0.6666926 -1.811791e-05 -1.811791e-05 0.6746441 0.6753121 0 0.2676819 0.03467139 0.4675762 0.0135811 0.4485589 0.013549 0.0135811 0.01367901 0.4473047 0.01364557 0.4653332 0.4607103 0.2808274 0.4735571 0.3809027 0.5785419 0.2802729 0.5634195 0.2802548 0.592994 0.535301 0.5355554 0.2817856 0.3474816 0.5297037 0.2800714 0.2804813 0.5301022 0.345153 0.3014316 0.2804953 0.4010869 0.2676819 0.2676819 0.4090383 0.4097063 0.2676819 0 0.3018778 0.2008452 0.280269 0.1808589 0.2803011 0.280269 0.2801706 0.1796047 0.280204 0.1985948 0.1951045 0.02176856 0.3005773 0.2079229 0.4056781 0.02158672 0.3907769 0.02160484 0.4204451 0.3624286 0.3626193 0.02277045 0.1752565 0.3574601 0.02179016 0.0217975 0.3574974 0.04382932 0.0004280212 0.02186736 0.7005159 0.03467139 0.03467139 0.7093336 0.7100016 0.03467139 0.3018778 0 0.4755824 0.02161872 0.4813477 0.02158662 0.02161872 0.02168906 0.4809322 0.02165563 0.4733396 0.4696109 0.4546734 0.6474031 0.5547487 0.7525039 0.4540348 0.7371813 0.4540166 0.7672709 0.7092544 0.7094451 0.4556753 0.5216311 0.7038532 0.4542209 0.4547023 0.7043232 0.5194299 0.4757086 0.4547722 0.225547 0.4675762 0.4675762 0.2343647 0.2350327 0.4675762 0.2008452 0.4755824 0 0.454005 0.02812415 0.4540372 0.454005 0.4539622 0.02501258 0.4539288 0.002232432 0.007133622 0.0007096633 0.2795184 0.186864 0.3846192 5.123681e-05 0.3692768 3.31189e-05 0.3993548 0.3413383 0.341529 0.001680158 0.153715 0.3359371 0.0002257885 0.0007072033 0.3364071 0.06543477 0.02171344 0.0007770678 0.6794256 0.0135811 0.0135811 0.6882433 0.6889113 0.0135811 0.280269 0.02161872 0.454005 0 0.4597109 1.398612e-05 -1.811791e-05 0.0001106319 0.4593537 7.719532e-05 0.4517622 0.4485421 0.4604386 0.6531683 0.5605139 0.7582692 0.4597802 0.7429268 0.4597621 0.7730047 0.7149882 0.7151789 0.4614091 0.527365 0.7095871 0.4599548 0.4604362 0.710057 0.5251637 0.4814424 0.460506 0.2289067 0.4485589 0.4485589 0.2377245 0.2383924 0.4485589 0.1808589 0.4813477 0.02812415 0.4597109 0 0.459743 0.4597109 0.4596433 0.003962531 0.4596767 0.02587393 0.02277436 0.0006775593 0.2794863 0.1868319 0.3845871 2.163252e-05 0.3692447 3.975043e-05 0.3993227 0.3413062 0.3414969 0.001648054 0.1536829 0.335905 0.0002134758 0.0006750993 0.336375 0.06540267 0.02168134 0.0007449638 0.6793935 0.013549 0.013549 0.6882112 0.6888792 0.013549 0.2803011 0.02158662 0.4540372 1.398612e-05 0.459743 0 1.398612e-05 0.0001427359 0.4593858 0.0001092993 0.4517943 0.44851 0.0007096633 0.2795184 0.186864 0.3846192 5.123681e-05 0.3692768 3.31189e-05 0.3993548 0.3413383 0.341529 0.001680158 0.153715 0.3359371 0.0002257885 0.0007072033 0.3364071 0.06543477 0.02171344 0.0007770678 0.6794256 0.0135811 0.0135811 0.6882433 0.6889113 0.0135811 0.280269 0.02161872 0.454005 -1.811791e-05 0.4597109 1.398612e-05 0 0.0001106319 0.4593537 7.719532e-05 0.4517622 0.4485421 0.000777215 0.2795859 0.1869315 0.3846868 0.000137552 0.3693631 0.0001194341 0.3994527 0.3414362 0.3416269 0.001778068 0.1538129 0.336035 0.0003236986 0.0008051134 0.336505 0.06553268 0.02181135 0.0008749779 0.6795235 0.01367901 0.01367901 0.6883412 0.6890092 0.01367901 0.2801706 0.02168906 0.4539622 0.0001106319 0.4596433 0.0001427359 0.0001106319 0 0.459225 1.531862e-05 0.4517118 0.4486185 0.4600203 0.65275 0.5600956 0.7578509 0.4593806 0.7425272 0.4593625 0.7726168 0.7146003 0.714791 0.4610212 0.526977 0.7091991 0.4595668 0.4600482 0.709669 0.5247758 0.4810544 0.4601181 0.2258227 0.4473047 0.4473047 0.2337742 0.2344421 0.4473047 0.1796047 0.4809322 0.02501258 0.4593537 0.003962531 0.4593858 0.4593537 0.459225 0 0.4592584 0.02276219 0.01966891 0.0007437785 0.2795525 0.1868981 0.3846533 0.0001041155 0.3693297 8.599759e-05 0.3994193 0.3414028 0.3415934 0.001744631 0.1537795 0.3360016 0.0002902621 0.0007716769 0.3364715 0.06549924 0.02177792 0.0008415414 0.67949 0.01364557 0.01364557 0.6883078 0.6889758 0.01364557 0.280204 0.02165563 0.4539288 7.719532e-05 0.4596767 0.0001092993 7.719532e-05 1.531862e-05 0.4592584 0 0.4516784 0.4485851 0.4524302 0.6451599 0.5525055 0.7502608 0.4517918 0.7349383 0.4517736 0.7650279 0.7070114 0.7072021 0.4534323 0.5193881 0.7016102 0.4519779 0.4524593 0.7020802 0.5171869 0.4734656 0.4525292 0.2277973 0.4653332 0.4653332 0.2366151 0.2372831 0.4653332 0.1985948 0.4733396 0.002232432 0.4517622 0.02587393 0.4517943 0.4517622 0.4517118 0.02276219 0.4516784 0 0.004890619 0.4478866 0.6405921 0.5479377 0.7454957 0.4484727 0.7315839 0.4484909 0.7601191 0.7023972 0.7026515 0.4488818 0.5158084 0.698012 0.4484211 0.4479485 0.697551 0.512564 0.4696563 0.4478969 0.2308868 0.4607103 0.4607103 0.2397046 0.2403726 0.4607103 0.1951045 0.4696109 0.007133622 0.4485421 0.02277436 0.44851 0.4485421 0.4486185 0.01966891 0.4485851 0.004890619 0