32
0 0.1 10 3
0 0.08869142 0.3971559 0.5365756 0.08869142 0.1404921 0.1760811 0.08869142 0.1846186 0.1556486 0.1945951 0.0818451 0.08869142 0.2448936 0.5340815 0.08869142 0.08869142 0.08869142 0.8113591 0.08869142 0.1579988 0.08869142 0.08869142 0.144569 0.1415953 0.08869142 0.08869142 0.08869142 0.08869142 0.08869142 1 0.08869142 0.08869142 0 0.3084645 0.4478842 0 0.0518007 0.0873897 0 0.09592722 0.0669572 0.1059036 0.006846326 0 0.1562021 0.4453901 0 0 0 0.7226677 0 0.06930742 0 0 0.0558776 0.05290386 0 0 0 0 0 0.9113086 0 0.3971559 0.3084645 0 0.1394197 0.3084645 0.2566638 0.2210748 0.3084645 0.2125373 0.2415073 0.2025609 0.3153108 0.3084645 0.1522624 0.1369256 0.3084645 0.3084645 0.3084645 0.4142032 0.3084645 0.2391571 0.3084645 0.3084645 0.2525869 0.2555607 0.3084645 0.3084645 0.3084645 0.3084645 0.3084645 0.6028441 0.3084645 0.5365756 0.4478842 0.1394197 0 0.4478842 0.3960835 0.3604945 0.4478842 0.351957 0.380927 0.3419805 0.4547305 0.4478842 0.2916821 0.002494108 0.4478842 0.4478842 0.4478842 0.2747835 0.4478842 0.3785768 0.4478842 0.4478842 0.3920066 0.3949803 0.4478842 0.4478842 0.4478842 0.4478842 0.4478842 0.4634244 0.4478842 0.08869142 0 0.3084645 0.4478842 0 0.0518007 0.0873897 0 0.09592722 0.0669572 0.1059036 0.006846326 0 0.1562021 0.4453901 0 0 0 0.7226677 0 0.06930742 0 0 0.0558776 0.05290386 0 0 0 0 0 0.9113086 0 0.1404921 0.0518007 0.2566638 0.3960835 0.0518007 0 0.035589 0.0518007 0.04412652 0.0151565 0.05410295 0.05864702 0.0518007 0.1044014 0.3935894 0.0518007 0.0518007 0.0518007 0.670867 0.0518007 0.01750672 0.0518007 0.0518007 0.004076907 0.001103163 0.0518007 0.0518007 0.0518007 0.0518007 0.0518007 0.8595079 0.0518007 0.1760811 0.0873897 0.2210748 0.3604945 0.0873897 0.035589 0 0.0873897 0.008537522 0.0204325 0.01851395 0.09423602 0.0873897 0.06881243 0.3580004 0.0873897 0.0873897 0.0873897 0.635278 0.0873897 0.01808228 0.0873897 0.0873897 0.03151209 0.03448584 0.0873897 0.0873897 0.0873897 0.0873897 0.0873897 0.8239189 0.0873897 0.08869142 0 0.3084645 0.4478842 0 0.0518007 0.0873897 0 0.09592722 0.0669572 0.1059036 0.006846326 0 0.1562021 0.4453901 0 0 0 0.7226677 0 0.06930742 0 0 0.0558776 0.05290386 0 0 0 0 0 0.9113086 0 0.1846186 0.09592722 0.2125373 0.351957 0.09592722 0.04412652 0.008537522 0.09592722 0 0.02897002 0.009976431 0.1027735 0.09592722 0.06027491 0.3494629 0.09592722 0.09592722 0.09592722 0.6267405 0.09592722 0.0266198 0.09592722 0.09592722 0.04004961 0.04302336 0.09592722 0.09592722 0.09592722 0.09592722 0.09592722 0.8153814 0.09592722 0.1556486 0.0669572 0.2415073 0.380927 0.0669572 0.0151565 0.0204325 0.0669572 0.02897002 0 0.03894645 0.07380352 0.0669572 0.08924493 0.3784329 0.0669572 0.0669572 0.0669572 0.6557105 0.0669572 0.002350217 0.0669572 0.0669572 0.01107959 0.01405334 0.0669572 0.0669572 0.0669572 0.0669572 0.0669572 0.8443514 0.0669572 0.1945951 0.1059036 0.2025609 0.3419805 0.1059036 0.05410295 0.01851395 0.1059036 0.009976431 0.03894645 0 0.11275 0.1059036 0.05029848 0.3394864 0.1059036 0.1059036 0.1059036 0.6167641 0.1059036 0.03659623 0.1059036 0.1059036 0.05002604 0.05299979 0.1059036 0.1059036 0.1059036 0.1059036 0.1059036 0.8054049 0.1059036 0.0818451 0.006846326 0.3153108 0.4547305 0.006846326 0.05864702 0.09423602 0.006846326 0.1027735 0.07380352 0.11275 0 0.006846326 0.1630485 0.4522364 0.006846326 0.006846326 0.006846326 0.729514 0.006846326 0.07615374 0.006846326 0.006846326 0.06272393 0.05975019 0.006846326 0.006846326 0.006846326 0.006846326 0.006846326 0.9181549 0.006846326 0.08869142 0 0.3084645 0.4478842 0 0.0518007 0.0873897 0 0.09592722 0.0669572 0.1059036 0.006846326 0 0.1562021 0.4453901 0 0 0 0.7226677 0 0.06930742 0 0 0.0558776 0.05290386 0 0 0 0 0 0.9113086 0 0.2448936 0.1562021 0.1522624 0.2916821 0.1562021 0.1044014 0.06881243 0.1562021 0.06027491 0.08924493 0.05029848 0.1630485 0.1562021 0 0.2891879 0.1562021 0.1562021 0.1562021 0.5664656 0.1562021 0.08689471 0.1562021 0.1562021 0.1003245 0.1032983 0.1562021 0.1562021 0.1562021 0.1562021 0.1562021 0.7551064 0.1562021 0.5340815 0.4453901 0.1369256 0.002494108 0.4453901 0.3935894 0.3580004 0.4453901 0.3494629 0.3784329 0.3394864 0.4522364 0.4453901 0.2891879 0 0.4453901 0.4453901 0.4453901 0.2772776 0.4453901 0.3760827 0.4453901 0.4453901 0.3895125 0.3924862 0.4453901 0.4453901 0.4453901 0.4453901 0.4453901 0.4659185 0.4453901 0.08869142 0 0.3084645 0.4478842 0 0.0518007 0.0873897 0 0.09592722 0.0669572 0.1059036 0.006846326 0 0.1562021 0.4453901 0 0 0 0.7226677 0 0.06930742 0 0 0.0558776 0.05290386 0 0 0 0 0 0.9113086 0 0.08869142 0 0.3084645 0.4478842 0 0.0518007 0.0873897 0 0.09592722 0.0669572 0.1059036 0.006846326 0 0.1562021 0.4453901 0 0 0 0.7226677 0 0.06930742 0 0 0.0558776 0.05290386 0 0 0 0 0 0.9113086 0 0.08869142 0 0.3084645 0.4478842 0 0.0518007 0.0873897 0 0.09592722 0.0669572 0.1059036 0.006846326 0 0.1562021 0.4453901 0 0 0 0.7226677 0 0.06930742 0 0 0.0558776 0.05290386 0 0 0 0 0 0.9113086 0 0.8113591 0.7226677 0.4142032 0.2747835 0.7226677 0.670867 0.635278 0.7226677 0.6267405 0.6557105 0.6167641 0.729514 0.7226677 0.5664656 0.2772776 0.7226677 0.7226677 0.7226677 0 0.7226677 0.6533603 0.7226677 0.7226677 0.6667901 0.6697638 0.7226677 0.7226677 0.7226677 0.7226677 0.7226677 0.1886409 0.7226677 0.08869142 0 0.3084645 0.4478842 0 0.0518007 0.0873897 0 0.09592722 0.0669572 0.1059036 0.006846326 0 0.1562021 0.4453901 0 0 0 0.7226677 0 0.06930742 0 0 0.0558776 0.05290386 0 0 0 0 0 0.9113086 0 0.1579988 0.06930742 0.2391571 0.3785768 0.06930742 0.01750672 0.01808228 0.06930742 0.0266198 0.002350217 0.03659623 0.07615374 0.06930742 0.08689471 0.3760827 0.06930742 0.06930742 0.06930742 0.6533603 0.06930742 0 0.06930742 0.06930742 0.01342981 0.01640355 0.06930742 0.06930742 0.06930742 0.06930742 0.06930742 0.8420012 0.06930742 0.08869142 0 0.3084645 0.4478842 0 0.0518007 0.0873897 0 0.09592722 0.0669572 0.1059036 0.006846326 0 0.1562021 0.4453901 0 0 0 0.7226677 0 0.06930742 0 0 0.0558776 0.05290386 0 0 0 0 0 0.9113086 0 0.08869142 0 0.3084645 0.4478842 0 0.0518007 0.0873897 0 0.09592722 0.0669572 0.1059036 0.006846326 0 0.1562021 0.4453901 0 0 0 0.7226677 0 0.06930742 0 0 0.0558776 0.05290386 0 0 0 0 0 0.9113086 0 0.144569 0.0558776 0.2525869 0.3920066 0.0558776 0.004076907 0.03151209 0.0558776 0.04004961 0.01107959 0.05002604 0.06272393 0.0558776 0.1003245 0.3895125 0.0558776 0.0558776 0.0558776 0.6667901 0.0558776 0.01342981 0.0558776 0.0558776 0 0.002973744 0.0558776 0.0558776 0.0558776 0.0558776 0.0558776 0.855431 0.0558776 0.1415953 0.05290386 0.2555607 0.3949803 0.05290386 0.001103163 0.03448584 0.05290386 0.04302336 0.01405334 0.05299979 0.05975019 0.05290386 0.1032983 0.3924862 0.05290386 0.05290386 0.05290386 0.6697638 0.05290386 0.01640355 0.05290386 0.05290386 0.002973744 0 0.05290386 0.05290386 0.05290386 0.05290386 0.05290386 0.8584047 0.05290386 0.08869142 0 0.3084645 0.4478842 0 0.0518007 0.0873897 0 0.09592722 0.0669572 0.1059036 0.006846326 0 0.1562021 0.4453901 0 0 0 0.7226677 0 0.06930742 0 0 0.0558776 0.05290386 0 0 0 0 0 0.9113086 0 0.08869142 0 0.3084645 0.4478842 0 0.0518007 0.0873897 0 0.09592722 0.0669572 0.1059036 0.006846326 0 0.1562021 0.4453901 0 0 0 0.7226677 0 0.06930742 0 0 0.0558776 0.05290386 0 0 0 0 0 0.9113086 0 0.08869142 0 0.3084645 0.4478842 0 0.0518007 0.0873897 0 0.09592722 0.0669572 0.1059036 0.006846326 0 0.1562021 0.4453901 0 0 0 0.7226677 0 0.06930742 0 0 0.0558776 0.05290386 0 0 0 0 0 0.9113086 0 0.08869142 0 0.3084645 0.4478842 0 0.0518007 0.0873897 0 0.09592722 0.0669572 0.1059036 0.006846326 0 0.1562021 0.4453901 0 0 0 0.7226677 0 0.06930742 0 0 0.0558776 0.05290386 0 0 0 0 0 0.9113086 0 0.08869142 0 0.3084645 0.4478842 0 0.0518007 0.0873897 0 0.09592722 0.0669572 0.1059036 0.006846326 0 0.1562021 0.4453901 0 0 0 0.7226677 0 0.06930742 0 0 0.0558776 0.05290386 0 0 0 0 0 0.9113086 0 1 0.9113086 0.6028441 0.4634244 0.9113086 0.8595079 0.8239189 0.9113086 0.8153814 0.8443514 0.8054049 0.9181549 0.9113086 0.7551064 0.4659185 0.9113086 0.9113086 0.9113086 0.1886409 0.9113086 0.8420012 0.9113086 0.9113086 0.855431 0.8584047 0.9113086 0.9113086 0.9113086 0.9113086 0.9113086 0 0.9113086 0.08869142 0 0.3084645 0.4478842 0 0.0518007 0.0873897 0 0.09592722 0.0669572 0.1059036 0.006846326 0 0.1562021 0.4453901 0 0 0 0.7226677 0 0.06930742 0 0 0.0558776 0.05290386 0 0 0 0 0 0.9113086 0